1605 - 02,04,05,08,09,10,11,14,16,17,18,19,21,23,25
1604 - 03,04,05,06,07,08,09,10,12,13,15,19,21,22,24
1603 - 01,02,03,04,07,09,10,13,14,16,19,20,21,23,24
1602 - 01,03,04,08,09,10,11,13,14,15,17,19,21,23,24
1601 - 02,04,06,08,09,10,11,12,13,14,15,18,20,22,25
1600 - 02,03,04,05,07,09,13,14,16,17,18,20,22,23,24
1599 - 01,03,04,05,06,08,09,10,14,18,20,21,22,23,25
1598 - 02,05,06,07,10,12,13,15,16,17,18,19,20,21,24
1597 - 01,02,05,06,07,08,09,13,17,18,19,20,21,22,24
1596 - 05,08,09,10,11,12,13,15,18,19,20,21,22,23,24
1595 - 01,02,03,04,06,07,09,10,11,13,17,18,20,22,25
1594 - 01,02,04,06,08,10,11,12,13,15,16,17,19,21,25
1593 - 03,04,05,07,08,09,10,11,13,14,16,17,20,22,24
1592 - 01,02,03,04,05,06,09,12,14,15,16,19,20,22,25
1591 - 01,03,05,07,08,10,11,12,17,19,20,21,22,23,24
1590 - 01,03,05,07,08,10,14,16,17,18,20,21,22,23,25
1589 - 01,02,03,04,06,12,13,14,15,17,18,22,23,24,25
1588 - 01,03,04,05,07,09,10,11,14,15,17,20,21,22,23
1587 - 02,03,05,07,08,11,14,15,16,17,19,20,21,22,25
1586 - 01,03,04,10,11,12,13,16,18,19,20,22,23,24,25
1585 - 01,02,04,05,06,07,09,11,17,18,19,21,23,24,25
1584 - 01,02,03,05,06,11,12,14,15,16,17,19,20,24,25
1583 - 02,03,04,06,07,09,10,14,15,16,17,19,20,23,25
1582 - 01,02,05,07,08,10,11,14,16,17,18,19,23,24,25
1581 - 03,04,05,06,07,08,11,12,13,16,20,21,23,24,25
1580 - 03,04,07,10,11,12,13,14,15,16,18,20,22,23,25
1579 - 01,02,04,06,07,10,12,13,14,15,16,18,21,22,23
1578 - 04,06,08,09,10,12,13,14,16,17,18,19,21,22,24
1577 - 03,05,06,07,09,10,11,13,15,16,17,18,19,21,24
1576 - 01,02,05,07,08,09,11,12,14,15,16,18,20,21,25
1575 - 01,03,05,06,07,09,10,11,12,14,16,17,22,23,25
1574 - 01,02,03,05,06,07,10,11,12,14,15,17,18,21,22
1573 - 02,06,07,08,10,11,12,13,14,15,16,17,18,19,23
1572 - 02,04,05,06,08,09,10,13,16,18,19,21,22,23,24
1571 - 01,03,04,05,06,07,11,12,14,17,18,19,23,24,25
1570 - 01,03,07,08,09,11,13,16,18,19,20,21,23,24,25
1569 - 02,04,08,09,10,12,13,14,16,18,20,21,23,24,25
1568 - 01,02,03,04,06,07,10,11,13,16,17,19,21,22,24
1567 - 02,03,05,07,09,10,11,12,14,15,17,18,19,21,24
1566 - 01,02,04,05,07,08,09,13,14,15,16,19,23,24,25
1565 - 01,03,06,07,08,09,10,11,12,13,15,17,18,24,25
1564 - 03,04,06,08,09,11,12,13,16,17,18,19,20,21,24
1563 - 01,02,03,05,06,09,10,12,13,17,18,20,21,22,23
1562 - 01,02,03,04,05,06,07,08,09,11,12,14,16,17,18
1561 - 03,05,06,07,08,12,13,15,16,18,20,21,22,24,25
1560 - 01,02,03,04,05,07,08,09,11,14,17,18,20,24,25
1559 - 03,04,05,06,07,09,10,11,14,16,18,19,20,23,25
1558 - 01,02,04,05,06,09,11,14,15,16,17,18,21,22,25
1557 - 02,03,04,05,06,09,12,16,17,18,20,21,22,24,25
1556 - 01,02,03,05,06,08,12,15,16,17,19,21,22,23,25
1555 - 01,02,06,08,09,10,12,13,14,16,18,20,22,23,25
1554 - 01,03,04,05,07,08,09,10,13,14,16,18,19,24,25
1553 - 01,02,04,08,09,11,12,13,15,17,18,19,21,22,25
1552 - 02,03,07,08,09,12,14,15,16,19,20,21,22,24,25
1551 - 01,03,05,07,08,11,13,14,15,17,19,20,22,23,25
1550 - 03,04,05,07,08,13,14,15,16,17,20,22,23,24,25
1549 - 01,02,03,04,05,07,08,10,11,13,18,20,23,24,25
1548 - 02,03,04,09,10,11,12,14,15,17,18,20,21,22,23
1547 - 01,02,05,06,08,09,10,11,13,15,17,18,19,21,25
1546 - 01,03,06,07,08,10,11,14,15,18,19,20,22,24,25
1545 - 03,05,07,08,10,11,12,15,16,17,20,22,23,24,25
1544 - 01,02,04,07,08,09,11,12,14,16,17,21,22,23,24
1543 - 01,02,06,07,08,09,12,13,15,17,19,20,23,24,25
1542 - 02,03,05,07,08,10,11,13,15,16,17,20,21,22,24
1541 - 02,03,04,05,07,11,13,14,15,18,19,20,21,22,25
1540 - 01,02,03,07,09,10,11,12,14,15,16,17,19,22,23
1539 - 01,03,04,08,11,12,13,14,16,17,18,19,20,21,25
1538 - 02,04,05,07,08,09,10,13,14,15,17,18,19,21,23
1537 - 01,02,03,04,10,11,13,14,15,17,18,20,21,22,24
1536 - 01,03,05,06,07,08,09,10,11,12,13,19,20,23,25
1535 - 03,04,05,07,08,12,13,15,17,18,21,22,23,24,25
1534 - 01,04,05,08,09,10,11,12,13,14,16,17,19,21,24
1533 - 01,03,04,06,07,11,12,13,14,15,16,19,20,21,24
1532 - 01,02,03,08,09,10,11,12,13,14,17,18,20,22,25
1531 - 01,02,03,04,07,08,10,11,13,14,15,19,22,23,24
1530 - 02,04,05,07,09,10,12,14,15,16,18,20,22,23,24
1529 - 02,03,04,05,08,11,13,14,16,17,18,19,20,21,24
1528 - 01,02,04,05,06,08,09,10,17,18,20,21,23,24,25
1527 - 01,02,03,05,06,07,09,10,14,15,20,21,22,24,25
1526 - 05,07,08,09,10,11,13,15,17,18,20,21,22,23,25
1525 - 01,02,04,05,08,10,12,14,15,18,19,20,21,22,25
1524 - 01,03,05,06,07,08,09,10,13,14,20,22,23,24,25
1523 - 03,05,06,07,09,10,12,13,14,16,18,19,21,23,25
1522 - 01,08,09,10,11,13,14,15,16,18,19,20,21,23,24
1521 - 01,02,03,04,05,07,08,12,14,15,17,19,20,23,24
1520 - 01,02,04,08,09,10,12,13,14,16,17,18,19,24,25
1519 - 01,04,06,08,13,14,16,17,18,20,21,22,23,24,25
1518 - 02,03,04,05,07,08,11,12,14,16,17,20,22,24,25
1517 - 02,03,05,08,10,11,12,14,15,18,20,21,23,24,25
1516 - 01,02,06,07,10,11,12,14,16,18,19,20,22,23,24
1515 - 01,02,03,05,08,09,11,12,13,16,17,18,19,20,23
1514 - 03,04,05,07,08,11,12,13,15,16,17,19,20,21,24
1513 - 03,04,06,07,09,10,11,12,13,14,16,18,21,22,24
1512 - 02,03,04,06,10,11,12,13,15,16,17,19,21,22,24
1511 - 02,04,05,08,09,10,11,12,13,15,19,20,21,23,24
1510 - 01,03,04,07,08,09,10,11,12,13,15,18,19,22,24
1509 - 01,02,03,06,07,08,09,13,14,15,17,18,19,22,24
1508 - 01,03,07,08,09,10,11,12,14,17,19,21,22,23,24
1507 - 01,02,03,04,05,08,10,11,13,14,17,19,21,23,24
1506 - 03,04,05,08,09,10,13,14,17,18,19,20,21,22,24
1505 - 01,02,03,06,07,11,14,16,17,18,19,20,22,24,25
1504 - 01,04,05,07,08,11,12,14,17,18,19,21,23,24,25
1503 - 01,02,03,07,12,15,16,17,18,20,21,22,23,24,25
1502 - 01,02,03,04,05,07,11,12,13,15,17,18,20,22,24
1501 - 01,06,07,08,09,10,11,13,16,17,18,21,22,24,25
1500 - 01,02,03,05,07,10,11,12,13,15,17,18,19,20,22
1499 - 01,02,03,04,05,07,08,12,13,14,15,18,19,23,24
1498 - 04,05,07,08,10,11,14,15,16,17,18,21,23,24,25
1497 - 01,02,05,07,11,12,13,14,15,16,17,18,19,22,23
1496 - 02,03,06,07,09,10,11,12,13,15,17,19,20,23,25
1495 - 01,02,03,04,05,08,10,12,13,14,18,22,23,24,25
1494 - 01,02,03,04,09,10,11,12,13,15,17,19,20,22,25
1493 - 02,05,08,10,11,13,14,15,16,19,20,21,23,24,25
1492 - 02,03,04,05,07,08,10,12,15,16,17,18,19,24,25
1491 - 02,04,05,06,07,09,11,13,14,19,20,22,23,24,25
1490 - 01,03,04,05,07,08,09,11,13,14,15,18,19,20,22
1489 - 02,04,07,08,09,10,12,13,14,15,19,20,22,23,25
1488 - 01,04,05,06,10,11,12,13,16,19,20,21,23,24,25
1487 - 01,02,03,04,05,06,10,11,12,15,16,19,21,22,25
1486 - 02,04,05,08,09,10,12,14,18,19,20,21,22,23,25
1485 - 01,02,03,05,08,09,11,13,15,17,18,19,23,24,25
1484 - 01,02,03,04,06,07,09,10,12,17,18,19,21,22,25
1483 - 03,04,05,06,07,09,11,13,14,15,17,20,21,22,23
1482 - 01,02,04,05,07,08,09,10,11,12,14,15,19,23,24
1481 - 02,03,05,07,08,09,11,17,18,19,20,21,23,24,25
1480 - 01,06,07,10,11,12,13,15,16,17,19,20,21,22,25
1479 - 02,03,05,06,09,11,13,14,15,16,17,18,20,22,23
1478 - 02,05,06,07,10,11,12,15,16,17,18,19,21,24,25
1477 - 01,02,03,04,05,06,07,10,12,15,17,18,21,22,23
1476 - 02,04,05,06,07,09,10,12,13,14,16,19,21,22,25
1475 - 01,02,03,05,06,09,10,12,13,15,18,20,21,24,25
1474 - 01,02,05,07,08,10,11,13,14,15,18,19,20,21,25
1473 - 01,04,05,07,08,09,10,12,14,16,20,22,23,24,25
1472 - 02,03,04,05,07,08,10,12,13,14,18,21,22,23,24
1471 - 01,02,04,06,07,08,10,11,13,15,18,20,21,22,24
1470 - 02,03,07,08,11,12,13,14,15,18,20,21,22,23,24
1469 - 01,02,03,05,06,07,08,09,11,13,16,17,18,19,20
1468 - 02,03,05,06,08,11,12,13,14,18,19,20,21,23,24
1467 - 01,04,05,06,09,10,11,12,19,20,21,22,23,24,25
1466 - 02,03,04,06,10,11,12,14,19,20,21,22,23,24,25
1465 - 02,05,07,08,09,10,12,14,16,19,20,21,22,23,24
1464 - 01,04,09,10,11,12,13,14,15,16,17,18,22,23,24
1463 - 03,04,06,07,10,11,13,14,15,17,19,20,22,23,24
1462 - 01,03,04,05,07,09,12,13,14,16,17,20,21,24,25
1461 - 02,04,05,06,09,10,11,15,17,18,19,21,23,24,25
1460 - 01,03,05,07,11,14,15,16,17,18,19,20,21,24,25
1459 - 01,04,06,09,10,12,13,14,16,17,18,19,20,24,25
1458 - 01,02,03,05,07,09,11,14,17,18,19,20,22,23,24
1457 - 01,02,03,04,07,08,09,10,11,13,14,15,18,23,24
1456 - 01,02,06,07,08,09,12,13,14,15,19,20,21,24,25
1455 - 02,05,07,08,14,15,16,17,18,19,20,21,22,23,25
1454 - 01,03,04,07,10,12,13,14,18,19,20,21,22,23,25
1453 - 01,02,05,08,09,10,13,14,15,16,19,21,23,24,25
1452 - 02,05,07,08,10,11,13,14,15,17,20,21,23,24,25
1451 - 01,02,03,05,10,12,13,14,15,19,20,21,23,24,25
1450 - 01,02,04,05,08,09,10,13,14,16,17,19,20,22,24
1449 - 01,03,04,05,06,07,08,09,11,15,16,20,22,23,24
1448 - 01,03,04,05,06,08,12,13,16,18,19,21,22,23,24
1447 - 01,03,04,05,08,11,12,13,17,18,19,21,22,24,25
1446 - 01,04,06,07,08,12,13,16,17,20,21,22,23,24,25
1445 - 01,04,05,06,08,10,13,15,16,17,18,20,22,23,25
1444 - 01,02,04,05,06,09,10,11,14,15,17,18,20,21,24
1443 - 01,02,03,05,07,08,09,10,11,12,14,15,16,17,24
1442 - 01,02,03,04,07,09,11,12,13,15,16,17,19,20,21
1441 - 01,03,04,05,06,07,09,10,11,13,16,19,22,23,25
1440 - 02,03,08,10,12,13,14,16,17,18,20,21,22,24,25
1439 - 01,02,03,05,11,12,13,14,15,16,17,18,19,22,24
1438 - 01,04,07,08,09,10,11,12,14,15,17,20,21,22,24
1437 - 02,04,05,06,07,08,09,11,13,14,17,19,20,23,25
1436 - 01,02,03,05,06,08,11,12,15,17,18,19,22,23,24
1435 - 01,02,03,04,05,06,09,10,12,16,17,19,20,21,23
1434 - 03,04,05,06,07,09,10,12,13,15,18,19,22,23,24
1433 - 03,06,07,09,10,12,14,15,16,18,20,22,23,24,25
1432 - 01,03,04,05,10,11,12,16,17,18,20,21,23,24,25
1431 - 01,02,07,08,09,10,12,14,15,16,17,19,20,23,25
1430 - 01,03,04,05,07,08,09,13,15,16,20,21,22,23,25
1429 - 05,07,08,09,10,12,13,14,15,16,18,19,20,21,25
1428 - 02,03,04,05,06,08,09,13,17,18,19,20,21,22,25
1427 - 01,02,07,10,11,12,14,15,16,17,18,19,20,22,25
1426 - 02,03,04,07,08,10,12,14,15,16,18,22,23,24,25
1425 - 01,03,04,05,08,09,11,12,13,14,16,19,20,21,25
1424 - 02,04,05,06,08,09,10,11,13,17,18,20,21,23,25
1423 - 01,02,04,05,07,08,11,12,13,14,15,16,19,22,23
1422 - 01,04,05,07,10,11,13,14,15,16,17,19,22,23,24
1421 - 03,05,06,07,08,09,11,12,14,17,18,19,20,23,24
1420 - 01,04,06,07,08,10,13,14,15,16,17,20,22,23,25
1419 - 02,03,06,07,11,12,15,16,17,18,19,20,21,23,24
1418 - 02,04,06,09,10,11,13,14,15,17,18,20,21,22,23
1417 - 01,02,03,04,06,07,09,11,13,14,15,18,19,22,23
1416 - 03,04,05,07,08,09,10,12,14,15,17,18,19,20,24
1415 - 02,04,05,06,10,12,13,15,17,18,19,22,23,24,25
1414 - 02,03,04,05,07,09,10,11,13,14,16,17,20,21,23
1413 - 02,03,04,05,06,07,08,09,10,13,16,17,18,21,25
1412 - 05,06,07,09,11,13,15,16,18,19,21,22,23,24,25
1411 - 01,05,06,07,08,09,10,12,13,14,15,16,17,21,23
1410 - 02,03,04,05,06,07,09,10,14,15,16,17,20,21,23
1409 - 01,02,04,06,07,08,11,12,14,16,17,19,22,24,25
1408 - 01,03,05,08,10,11,12,13,14,19,21,22,23,24,25
1407 - 01,02,04,05,06,07,10,12,13,20,21,22,23,24,25
1406 - 02,03,04,05,06,09,11,13,15,19,20,21,22,24,25
1405 - 02,03,04,07,09,10,11,14,15,16,18,19,20,23,24
1404 - 01,02,03,04,08,10,11,13,15,16,18,19,21,22,25
1403 - 03,04,05,08,09,10,11,12,13,15,16,17,21,23,25
1402 - 02,03,04,05,08,09,11,12,14,15,16,19,20,21,23
1401 - 01,03,04,05,06,07,08,14,15,18,19,21,22,24,25
1400 - 01,02,03,05,06,09,10,12,16,19,21,22,23,24,25
1399 - 04,05,06,08,09,12,13,14,15,17,19,21,22,24,25
1398 - 01,04,05,06,07,08,11,14,15,16,19,20,21,24,25
1397 - 01,03,04,05,06,08,09,11,12,13,14,18,21,22,25
1396 - 03,05,06,07,10,12,13,17,18,19,20,22,23,24,25
1395 - 05,06,07,08,11,12,13,14,16,17,18,19,22,23,25
1394 - 03,04,05,06,09,10,11,14,15,16,18,19,21,22,23
1393 - 03,04,05,07,09,10,11,12,13,14,17,18,20,22,23
1392 - 01,02,03,04,08,09,14,15,16,17,18,20,21,22,25
1391 - 01,03,05,06,10,11,12,15,16,17,19,20,21,24,25
1390 - 03,05,06,07,08,11,13,14,15,16,17,18,20,21,23
1389 - 01,02,04,05,06,08,10,12,14,15,16,17,18,20,21
1388 - 01,03,05,07,08,10,11,12,15,18,19,20,21,23,25
1387 - 01,03,04,05,06,07,09,11,12,13,14,15,16,18,24
1386 - 01,02,03,04,07,09,13,16,17,18,19,21,22,24,25
1385 - 04,05,08,09,10,11,12,13,14,15,17,18,19,20,23
1384 - 03,04,06,08,09,11,12,13,15,18,19,20,22,24,25
1383 - 02,06,07,08,09,13,14,15,16,17,20,21,22,24,25
1382 - 01,06,10,12,13,14,15,16,17,18,19,20,21,22,24
1381 - 01,04,06,08,09,10,12,13,14,16,17,18,19,21,25
1380 - 03,04,05,06,08,11,12,14,15,16,17,21,22,24,25
1379 - 01,02,04,05,07,08,09,10,12,14,15,17,18,21,22
1378 - 01,02,03,06,08,10,12,13,17,19,20,21,23,24,25
1377 - 01,05,06,08,09,10,12,13,15,17,19,20,21,22,25
1376 - 01,03,04,05,06,12,13,14,15,16,18,19,20,22,24
1375 - 01,05,06,09,10,11,14,15,16,18,20,22,23,24,25
1374 - 02,03,04,05,06,09,10,14,15,16,19,20,21,23,25
1373 - 01,02,03,04,05,06,07,08,12,17,18,20,21,23,24
1372 - 01,02,03,05,07,09,10,13,15,16,17,18,21,23,25
1371 - 03,04,05,07,13,15,17,18,19,20,21,22,23,24,25
1370 - 02,04,05,07,08,11,13,14,17,18,20,21,22,24,25
1369 - 03,04,05,09,10,11,12,13,14,16,17,18,21,22,24
1368 - 05,07,08,10,11,12,14,16,18,19,20,22,23,24,25
1367 - 02,03,04,05,06,07,09,14,15,16,17,18,20,23,24
1366 - 04,08,09,10,11,12,13,14,15,16,17,21,22,24,25
1365 - 02,03,06,09,10,12,14,15,19,20,21,22,23,24,25
1364 - 01,06,09,10,11,12,13,15,16,17,18,20,22,24,25
1363 - 05,07,09,10,12,13,14,15,16,17,19,20,21,22,23
1362 - 01,03,04,06,09,10,11,12,13,16,21,22,23,24,25
1361 - 01,04,05,11,12,13,14,15,16,17,18,19,20,23,25
1360 - 01,02,03,04,05,06,08,10,11,12,14,18,20,23,24
1359 - 03,05,07,08,09,11,13,14,15,16,17,18,20,21,23
1358 - 01,02,03,04,06,08,09,13,15,17,18,19,20,22,23
1357 - 03,07,08,09,10,11,12,13,15,17,18,20,21,22,23
1356 - 03,04,06,08,09,10,11,12,13,14,15,16,17,19,20
1355 - 01,02,03,04,06,07,08,11,15,16,18,20,21,22,24
1354 - 01,02,03,05,07,09,11,12,13,14,15,18,20,21,24
1353 - 03,05,07,08,09,10,11,12,14,18,21,22,23,24,25
1352 - 06,08,10,11,12,13,14,15,16,19,20,21,23,24,25
1351 - 02,04,06,07,10,11,13,17,19,20,21,22,23,24,25
1350 - 01,05,06,08,09,11,12,13,14,16,18,19,20,21,23
1349 - 02,03,04,05,06,07,08,12,14,16,18,19,21,24,25
1348 - 01,02,06,07,08,09,10,14,15,18,20,21,22,24,25
1347 - 01,03,05,06,07,08,10,12,13,14,17,18,20,23,24
1346 - 02,03,05,07,08,10,11,14,15,18,19,20,21,23,25
1345 - 01,03,07,08,09,10,11,14,15,17,19,21,22,24,25
1344 - 02,04,06,07,08,10,11,12,13,17,18,21,23,24,25
1343 - 02,04,05,09,10,11,13,14,15,16,17,19,21,23,24
1342 - 01,02,03,05,09,10,11,12,13,15,20,21,23,24,25
1341 - 01,03,04,08,09,10,13,14,15,16,17,20,21,23,24
1340 - 01,02,04,05,07,09,10,12,13,14,16,17,18,19,22
1339 - 02,03,04,05,06,07,08,11,13,14,16,20,21,23,24
1338 - 01,02,03,04,06,07,10,11,12,13,14,15,16,17,19
1337 - 01,03,05,06,08,09,10,12,13,15,16,19,21,23,25
1336 - 06,08,09,10,11,12,13,14,15,17,18,19,20,22,24
1335 - 01,03,04,06,07,09,10,11,13,16,17,18,23,24,25
1334 - 03,04,06,07,09,10,11,13,15,16,17,18,19,21,22
1333 - 03,04,05,07,08,09,10,11,12,14,17,18,20,22,24
1332 - 01,04,05,06,08,11,12,13,14,15,16,18,20,21,24
1331 - 01,02,03,05,06,07,10,11,14,15,16,18,23,24,25
1330 - 04,05,07,10,12,13,16,17,18,19,20,22,23,24,25
1329 - 02,03,04,05,07,10,11,13,15,16,18,22,23,24,25
1328 - 02,05,06,08,09,10,13,15,16,17,21,22,23,24,25
1327 - 01,03,04,05,07,10,13,14,16,17,18,20,22,23,25
1326 - 01,03,04,06,08,09,10,17,18,19,20,21,22,24,25
1325 - 02,03,05,06,07,09,10,14,15,16,18,19,20,21,25
1324 - 01,04,05,06,07,08,10,11,13,17,18,19,21,24,25
1323 - 01,04,05,06,09,10,11,13,14,17,19,20,21,22,23
1322 - 01,02,06,07,08,09,11,13,15,16,17,18,21,24,25
1321 - 02,03,04,06,07,09,10,11,13,14,18,19,20,23,24
1320 - 02,03,04,05,09,11,12,13,15,16,17,21,22,23,25
1319 - 03,05,06,08,09,10,11,13,14,15,17,19,22,23,25
1318 - 01,02,03,04,06,07,08,09,12,13,14,15,17,20,23
1317 - 01,03,05,07,08,09,10,11,14,16,20,22,23,24,25
1316 - 01,02,03,04,05,06,11,12,15,17,19,20,23,24,25
1315 - 01,02,03,04,05,08,10,11,12,14,16,18,19,23,25
1314 - 03,05,08,09,10,11,14,15,16,18,19,21,22,24,25
1313 - 01,04,08,10,11,13,15,16,17,20,21,22,23,24,25
1312 - 01,02,04,05,06,07,09,11,13,18,19,20,23,24,25
1311 - 02,03,05,06,08,10,11,12,14,15,17,18,20,23,25
1310 - 01,02,03,04,05,07,08,10,11,15,17,18,19,21,23
1309 - 02,04,05,06,08,10,12,13,14,16,18,19,20,24,25
1308 - 03,05,06,07,08,09,11,14,16,17,19,20,22,23,25
1307 - 03,04,06,08,09,10,12,13,14,15,16,18,20,21,23
1306 - 01,02,05,06,07,09,12,13,14,15,18,19,20,22,23
1305 - 02,03,04,05,06,07,08,11,12,13,15,17,20,23,25
1304 - 01,02,03,07,08,10,11,13,14,17,18,19,20,21,25
1303 - 01,05,08,09,10,11,13,14,15,16,18,19,20,22,23
1302 - 03,04,06,09,11,12,13,14,15,16,17,18,20,22,25
1301 - 01,02,03,04,06,07,09,10,14,16,17,19,22,24,25
1300 - 02,06,07,09,10,11,12,13,14,15,18,20,23,24,25
1299 - 01,03,05,07,08,11,13,17,18,19,20,21,22,23,25
1298 - 02,03,04,06,07,09,12,17,18,20,21,22,23,24,25
1297 - 01,02,05,06,07,08,09,10,11,12,16,17,18,19,22
1296 - 05,07,09,10,11,14,15,16,17,18,19,20,21,23,25
1295 - 03,06,09,10,11,12,13,14,15,17,18,19,23,24,25
1294 - 02,05,06,07,08,10,11,12,13,14,16,18,20,23,25
1293 - 01,02,07,08,09,10,11,12,13,15,17,18,20,22,24
1292 - 01,02,03,07,08,10,11,14,15,17,19,22,23,24,25
1291 - 01,06,07,08,10,11,12,13,15,16,18,19,20,21,24
1290 - 01,03,04,05,06,11,13,14,16,19,20,21,22,23,25
1289 - 01,02,05,07,08,11,13,15,16,17,18,20,22,24,25
1288 - 01,02,05,09,10,13,15,16,17,18,19,20,23,24,25
1287 - 03,04,05,06,09,11,13,17,18,19,21,22,23,24,25
1286 - 01,03,04,05,07,10,11,12,16,17,19,20,21,23,25
1285 - 01,02,06,07,10,11,12,15,16,17,18,20,22,24,25
1284 - 02,04,05,07,08,10,11,13,16,17,18,20,22,23,25
1283 - 02,06,07,08,09,10,11,12,13,15,16,17,18,22,23
1282 - 05,06,07,09,10,11,12,14,17,19,20,21,22,23,25
1281 - 01,03,05,06,08,09,12,13,15,19,21,22,23,24,25
1280 - 01,03,04,05,07,09,11,14,15,17,19,22,23,24,25
1279 - 01,03,04,07,08,09,11,12,13,14,16,18,19,21,23
1278 - 04,06,07,09,10,12,15,16,17,18,19,20,21,22,24
1277 - 01,02,03,04,06,09,10,12,13,15,17,18,21,22,25
1276 - 01,03,05,07,10,12,14,15,16,18,19,21,22,23,24
1275 - 03,06,07,08,10,11,13,14,15,16,17,18,20,23,25
1274 - 01,03,07,08,10,11,12,13,14,15,18,19,20,22,25
1273 - 01,03,05,06,08,11,12,13,14,15,18,19,20,22,24
1272 - 01,04,07,09,10,14,15,17,18,19,20,21,23,24,25
1271 - 01,02,04,06,08,09,11,12,13,14,17,18,23,24,25
1270 - 01,02,03,04,05,06,08,09,10,11,13,20,21,23,25
1269 - 01,04,05,07,08,11,13,14,16,17,18,20,21,22,23
1268 - 01,02,03,06,07,08,11,12,13,15,17,18,21,22,24
1267 - 02,03,05,06,07,09,11,12,13,15,16,17,18,22,25
1266 - 01,02,03,05,06,08,09,10,11,13,14,15,20,23,24
1265 - 01,02,03,04,07,11,13,14,15,16,19,22,23,24,25
1264 - 01,04,05,08,10,11,12,14,17,18,21,22,23,24,25
1263 - 03,04,05,08,09,10,11,12,13,16,18,20,22,23,25
1262 - 01,03,04,06,08,11,12,13,16,17,20,21,22,23,24
1261 - 01,04,05,07,10,12,15,16,17,18,19,20,21,22,25
1260 - 01,02,03,04,05,06,07,11,14,15,17,18,20,22,24
1259 - 02,05,08,09,10,13,14,16,17,18,19,20,22,23,25
1258 - 02,03,04,05,06,08,09,10,12,13,14,20,21,23,25
1257 - 01,02,05,06,08,10,11,12,13,14,16,19,20,22,25
1256 - 01,02,06,08,10,11,12,13,14,15,16,18,19,22,23
1255 - 01,02,04,06,07,09,10,13,14,16,18,20,21,23,25
1254 - 02,03,08,09,11,12,14,15,16,17,18,20,21,22,23
1253 - 01,02,03,05,06,07,11,15,16,18,20,22,23,24,25
1252 - 01,03,04,05,06,08,09,10,11,12,15,20,21,23,24
1251 - 02,06,07,08,09,10,14,15,16,17,19,20,21,23,25
1250 - 02,03,04,05,07,09,10,14,15,17,18,19,20,24,25
1249 - 03,04,05,06,09,12,13,14,15,18,19,20,22,24,25
1248 - 01,03,05,10,11,12,13,15,16,17,19,20,22,24,25
1247 - 02,03,07,08,09,11,15,16,17,18,19,20,23,24,25
1246 - 01,04,07,08,09,10,12,13,16,17,18,19,22,24,25
1245 - 02,03,04,05,06,08,09,11,15,16,17,18,19,21,25
1244 - 01,03,05,07,09,10,11,12,13,16,17,19,21,23,25
1243 - 01,02,04,05,06,08,12,13,14,15,16,17,22,24,25
1242 - 01,02,04,05,07,11,14,15,16,19,20,21,23,24,25
1241 - 01,04,05,08,09,10,11,12,13,15,17,20,22,24,25
1240 - 01,02,03,04,05,06,09,12,13,16,18,19,20,22,24
1239 - 05,06,08,09,10,11,12,13,14,15,16,18,20,22,24
1238 - 02,03,05,07,08,09,11,13,14,15,16,17,18,21,25
1237 - 03,05,06,07,08,09,10,12,13,14,18,21,22,24,25
1236 - 01,02,03,05,06,07,09,10,11,12,13,17,19,23,25
1235 - 01,02,03,04,06,09,10,11,12,13,15,17,18,20,24
1234 - 01,02,05,08,09,10,14,16,17,18,19,20,21,24,25
1233 - 01,04,05,09,10,13,14,15,16,17,18,19,22,23,25
1232 - 02,03,05,06,09,10,13,14,15,16,19,21,23,24,25
1231 - 01,03,04,05,07,08,12,13,15,16,18,20,21,22,25
1230 - 01,02,03,05,06,07,08,10,11,12,13,17,18,19,21
1229 - 01,02,03,05,06,07,08,13,14,17,19,20,22,24,25
1228 - 01,02,03,04,06,07,09,10,12,13,17,20,22,23,24
1227 - 01,02,07,08,09,10,11,12,13,14,17,19,21,22,25
1226 - 01,03,05,07,08,10,11,14,15,17,19,21,22,23,24
1225 - 02,03,05,07,11,13,14,15,17,18,20,21,23,24,25
1224 - 01,02,04,05,06,08,09,11,12,14,15,16,17,18,19
1223 - 02,06,07,08,09,10,13,14,16,17,18,20,21,22,23
1222 - 01,02,03,04,05,08,09,10,11,13,15,17,20,22,24
1221 - 02,03,04,06,09,10,12,14,15,18,19,21,22,23,24
1220 - 02,03,04,05,06,07,09,13,14,17,18,19,20,23,25
1219 - 02,03,04,05,06,08,09,10,14,16,19,20,22,23,25
1218 - 01,02,03,04,05,07,09,10,11,13,14,18,20,21,23
1217 - 01,03,06,07,08,09,10,11,12,13,17,19,20,24,25
1216 - 01,02,03,07,10,12,14,15,17,18,20,21,22,23,24
1215 - 03,07,09,11,12,13,14,15,16,17,18,20,21,22,24
1214 - 01,02,03,04,05,07,08,09,13,14,18,19,20,21,23
1213 - 02,03,05,06,07,08,09,10,14,17,18,20,23,24,25
1212 - 01,02,03,05,06,07,08,09,10,15,16,17,18,20,24
1211 - 01,02,03,05,07,10,11,12,13,15,16,17,20,23,24
1210 - 01,02,04,08,10,11,13,15,16,18,19,20,21,22,25
1209 - 03,04,05,07,08,09,10,11,14,15,16,18,19,20,24
1208 - 01,02,03,04,05,10,11,14,15,18,19,20,22,24,25
1207 - 01,03,04,07,09,10,11,12,13,14,15,18,19,21,24
1206 - 01,03,05,07,10,11,13,14,15,18,21,22,23,24,25
1205 - 01,03,06,08,09,11,12,14,17,18,20,21,22,24,25
1204 - 01,02,05,07,08,09,12,13,15,16,19,20,21,22,23
1203 - 01,02,03,05,06,11,12,13,14,15,17,22,23,24,25
1202 - 02,03,04,08,10,13,14,16,17,18,19,20,23,24,25
1201 - 05,06,09,10,11,14,16,18,19,20,21,22,23,24,25
1200 - 03,04,05,06,07,08,10,11,12,14,15,16,22,24,25
1199 - 01,02,03,04,05,06,10,14,15,16,19,21,22,24,25
1198 - 01,03,04,06,07,09,10,11,15,17,20,21,22,23,25
1197 - 01,04,05,06,07,08,11,13,14,16,17,18,20,24,25
1196 - 01,02,04,06,07,08,09,11,12,16,17,18,19,20,23
1195 - 01,05,06,09,10,11,12,14,15,17,18,19,20,22,25
1194 - 02,04,08,09,10,12,15,16,17,18,19,22,23,24,25
1193 - 01,04,07,08,09,10,13,14,15,18,19,20,22,23,25
1192 - 01,02,03,04,05,06,09,11,12,13,15,16,19,20,21
1191 - 01,02,03,05,07,10,12,13,14,16,17,18,22,24,25
1190 - 02,03,04,06,09,10,11,14,15,16,17,21,22,23,25
1189 - 03,04,05,08,09,12,13,14,15,17,18,19,20,21,25
1188 - 01,02,04,05,06,08,10,12,13,14,18,20,22,23,24
1187 - 01,02,04,07,08,10,11,12,14,16,19,21,22,23,25
1186 - 01,02,04,05,06,09,11,14,15,16,18,20,22,23,24
1185 - 03,05,06,07,09,13,14,16,18,19,21,22,23,24,25
1184 - 02,04,06,07,10,11,12,14,16,17,18,19,20,21,25
1183 - 01,03,04,09,11,13,14,15,16,18,19,20,22,24,25
1182 - 03,06,07,08,10,12,13,16,18,19,20,21,22,24,25
1181 - 03,04,05,06,07,08,09,11,13,14,20,21,22,23,24
1180 - 01,02,06,07,08,09,10,11,13,14,15,19,20,22,23
1179 - 01,02,03,05,06,07,08,09,13,15,18,19,20,21,25
1178 - 01,04,07,08,09,11,12,16,17,18,19,20,21,23,24
1177 - 02,03,05,06,08,09,10,11,12,16,17,20,22,23,25
1176 - 02,03,05,07,10,11,12,13,15,16,18,19,20,23,25
1175 - 01,03,04,08,10,12,13,14,15,19,20,21,23,24,25
1174 - 01,02,03,05,06,08,09,10,11,13,15,17,18,19,23
1173 - 01,02,04,05,07,08,09,11,14,16,18,19,20,21,22
1172 - 02,06,08,09,10,11,12,13,14,16,19,20,23,24,25
1171 - 01,07,08,11,12,13,14,15,16,17,18,20,21,22,23
1170 - 01,02,04,07,08,10,13,15,16,18,19,20,21,22,25
1169 - 02,03,04,07,08,09,12,15,16,17,18,21,22,24,25
1168 - 01,03,04,05,07,08,09,10,11,13,16,19,23,24,25
1167 - 01,02,04,05,07,08,09,11,12,14,15,16,18,21,23
1166 - 02,04,05,06,09,10,12,14,15,17,18,19,20,21,24
1165 - 01,02,03,05,08,09,10,12,15,17,18,19,21,22,25
1164 - 03,04,05,08,10,11,13,15,17,20,21,22,23,24,25
1163 - 02,06,07,09,11,12,13,14,16,17,19,20,21,23,24
1162 - 01,03,04,07,09,11,13,15,18,19,20,21,23,24,25
1161 - 01,02,04,05,06,08,10,11,15,17,18,19,22,24,25
1160 - 02,04,05,06,07,08,10,11,15,16,17,18,21,22,25
1159 - 01,02,03,04,06,08,09,14,15,16,17,22,23,24,25
1158 - 02,03,05,07,10,13,14,15,16,17,19,20,22,24,25
1157 - 02,04,05,06,07,08,11,12,13,15,16,18,21,22,24
1156 - 01,03,04,06,07,11,12,13,14,15,17,21,22,24,25
1155 - 01,02,03,04,08,09,12,13,15,16,18,19,22,24,25
1154 - 01,03,04,05,10,11,13,15,16,17,19,21,23,24,25
1153 - 01,02,03,05,06,08,09,12,13,15,18,19,20,24,25
1152 - 03,04,05,07,08,09,10,12,16,18,19,20,21,22,25
1151 - 01,03,07,09,10,11,12,14,15,16,20,21,22,24,25
1150 - 05,07,08,09,11,12,13,14,15,17,18,20,22,23,24
1149 - 01,02,03,06,07,08,10,12,15,17,18,19,21,22,23
1148 - 01,03,04,05,06,09,10,13,14,16,17,18,19,20,24
1147 - 01,06,07,08,09,11,12,14,15,16,18,19,20,22,25
1146 - 02,03,04,05,07,11,13,15,17,18,19,21,22,24,25
1145 - 03,04,05,06,08,09,11,13,14,15,16,17,18,23,24
1144 - 02,03,04,06,07,08,10,13,14,17,18,19,23,24,25
1143 - 01,03,04,06,10,11,12,13,14,16,17,18,23,24,25
1142 - 02,04,07,08,09,10,12,13,15,16,19,20,22,23,24
1141 - 05,06,09,10,11,12,13,15,16,17,18,22,23,24,25
1140 - 03,04,05,06,07,08,10,15,18,19,20,21,23,24,25
1139 - 01,02,03,06,11,13,14,15,16,17,18,19,21,22,25
1138 - 01,02,03,05,06,07,10,11,13,15,16,18,20,21,22
1137 - 02,04,05,07,08,09,10,11,12,15,19,20,21,23,25
1136 - 01,02,05,06,07,09,10,11,15,17,18,19,21,22,24
1135 - 03,04,05,08,09,10,12,15,16,17,18,19,23,24,25
1134 - 01,02,04,08,10,11,12,13,14,15,17,18,20,23,25
1133 - 02,04,05,06,07,08,09,10,12,13,14,16,18,24,25
1132 - 01,02,06,07,08,09,11,12,13,14,17,21,22,23,24
1131 - 02,03,04,06,12,14,15,16,17,19,20,21,22,24,25
1130 - 01,02,05,08,10,11,12,13,14,15,17,20,22,24,25
1129 - 02,03,04,05,07,08,12,13,16,17,18,19,21,22,23
1128 - 01,02,03,04,06,07,10,11,12,14,16,17,20,24,25
1127 - 01,03,04,06,08,09,11,13,14,15,16,17,22,23,24
1126 - 03,05,06,07,08,12,13,16,17,18,19,22,23,24,25
1125 - 01,03,04,06,09,11,12,13,15,16,17,18,21,22,25
1124 - 01,03,04,05,06,08,10,12,13,15,19,21,22,24,25
1123 - 02,04,06,07,08,10,11,13,15,16,17,19,22,23,24
1122 - 02,03,07,10,11,12,13,14,16,19,20,21,23,24,25
1121 - 01,02,04,05,06,08,09,11,12,17,18,20,22,23,25
1120 - 02,04,05,06,08,09,10,12,13,14,16,17,18,19,24
1119 - 01,02,03,05,06,07,08,10,12,14,15,17,18,20,23
1118 - 01,02,05,06,08,10,11,13,14,15,20,21,23,24,25
1117 - 01,02,03,05,07,08,11,12,13,14,15,16,19,21,23
1116 - 01,02,03,04,05,06,09,12,15,17,18,21,22,24,25
1115 - 02,03,07,08,09,10,11,12,17,18,20,22,23,24,25
1114 - 01,02,03,04,05,06,08,10,11,12,15,18,19,20,22
1113 - 01,03,06,07,09,12,13,14,15,17,19,20,22,24,25
1112 - 01,02,03,06,07,08,12,13,15,16,17,18,20,22,24
1111 - 02,03,04,06,09,11,12,13,14,15,16,22,23,24,25
1110 - 01,02,03,04,06,09,10,15,17,18,19,20,22,24,25
1109 - 01,04,05,06,07,08,09,10,11,17,18,19,20,21,25
1108 - 01,02,04,05,07,08,09,12,13,14,17,21,22,24,25
1107 - 01,02,04,08,09,10,11,12,14,16,18,19,20,21,24
1106 - 02,03,04,09,10,11,12,13,14,15,16,19,21,23,24
1105 - 01,02,04,06,07,09,11,13,15,17,18,20,23,24,25
1104 - 02,05,06,08,09,11,13,14,15,16,18,19,21,22,23
1103 - 02,04,05,07,09,10,11,12,14,16,18,20,21,22,25
1102 - 02,03,05,06,08,12,14,15,18,19,20,21,22,23,24
1101 - 01,02,03,06,09,10,11,13,15,17,18,19,23,24,25
1100 - 05,06,07,09,10,11,12,14,15,16,18,19,20,23,24
1099 - 02,03,06,07,08,11,12,13,14,16,21,22,23,24,25
1098 - 03,04,05,07,08,10,11,12,14,15,16,18,23,24,25
1097 - 04,05,06,09,10,12,14,15,16,18,19,20,23,24,25
1096 - 01,02,04,07,08,10,12,13,14,15,20,21,22,23,25
1095 - 02,03,05,06,07,09,15,16,17,18,21,22,23,24,25
1094 - 01,02,03,04,05,06,08,09,10,12,14,16,19,22,25
1093 - 01,02,04,05,06,09,10,11,13,18,21,22,23,24,25
1092 - 04,05,08,09,11,12,13,14,15,18,19,20,22,24,25
1091 - 02,04,05,06,07,09,10,12,13,14,16,20,23,24,25
1090 - 03,05,08,09,10,11,13,14,15,17,18,20,21,22,24
1089 - 02,03,04,06,08,12,13,14,15,16,19,21,22,23,24
1088 - 01,02,03,05,06,07,09,10,12,13,18,19,20,22,23
1087 - 02,03,04,06,09,12,13,16,17,18,19,20,21,23,24
1086 - 02,04,05,07,10,12,13,15,17,18,19,21,22,23,24
1085 - 03,06,07,08,09,10,14,16,18,19,21,22,23,24,25
1084 - 01,02,03,04,05,06,07,09,10,13,17,18,21,24,25
1083 - 01,02,03,04,06,11,13,16,17,18,20,21,22,23,24
1082 - 03,07,09,10,11,13,15,16,17,18,19,21,22,23,24
1081 - 01,05,06,07,10,12,13,14,15,16,18,19,21,22,23
1080 - 02,03,05,06,10,11,12,14,15,16,17,21,22,23,25
1079 - 05,06,07,08,11,13,14,15,16,17,19,20,21,22,24
1078 - 02,04,05,06,07,09,10,11,13,17,18,21,23,24,25
1077 - 01,02,05,06,07,08,10,12,13,14,15,19,20,21,24
1076 - 04,09,10,11,12,13,14,15,16,17,18,20,21,22,25
1075 - 01,02,06,09,10,12,15,16,17,18,21,22,23,24,25
1074 - 01,04,07,08,09,10,11,13,17,20,21,22,23,24,25
1073 - 01,03,04,05,06,07,13,16,17,19,20,21,22,23,24
1072 - 01,02,03,04,05,07,09,13,14,15,17,20,22,23,25
1071 - 02,03,04,05,06,10,11,12,13,14,16,17,21,22,24
1070 - 04,09,10,11,12,13,16,18,19,20,21,22,23,24,25
1069 - 01,03,04,08,10,11,12,13,15,16,17,22,23,24,25
1068 - 02,06,07,10,11,13,14,15,16,17,18,20,21,22,24
1067 - 01,02,03,04,05,07,10,11,13,14,15,17,21,22,25
1066 - 02,04,05,06,10,11,14,16,17,18,19,21,22,23,24
1065 - 02,03,04,05,06,12,14,15,17,19,20,21,22,24,25
1064 - 02,03,07,08,09,10,11,14,15,16,18,19,21,24,25
1063 - 02,05,06,07,10,12,13,14,15,16,20,21,22,24,25
1062 - 03,04,05,07,08,09,11,13,15,16,17,19,20,23,25
1061 - 02,03,05,07,08,09,12,14,15,16,19,21,22,23,24
1060 - 01,02,04,05,07,08,13,14,15,16,17,20,21,22,23
1059 - 01,02,03,05,07,08,11,14,15,16,19,20,21,22,24
1058 - 04,05,06,07,09,12,13,16,17,18,20,21,22,24,25
1057 - 01,04,06,07,08,09,11,13,14,16,19,20,21,23,25
1056 - 02,04,05,06,08,09,10,11,14,15,18,19,21,22,23
1055 - 01,02,03,07,08,09,10,12,13,14,18,22,23,24,25
1054 - 02,03,04,05,06,09,12,13,15,16,17,18,20,24,25
1053 - 01,02,03,04,06,11,12,13,14,15,17,18,22,23,24
1052 - 01,03,04,05,06,08,10,11,16,17,18,20,21,23,24
1051 - 02,03,04,07,08,10,11,13,14,16,18,20,21,23,25
1050 - 01,04,06,07,10,12,13,15,16,17,19,21,22,24,25
1049 - 02,04,05,09,12,14,16,17,18,19,20,21,22,23,25
1048 - 01,02,03,05,06,07,09,10,15,16,17,18,20,21,25
1047 - 04,07,08,09,10,11,12,15,16,17,20,21,22,24,25
1046 - 03,04,05,07,08,11,12,13,14,18,20,21,22,23,25
1045 - 02,03,05,06,09,11,15,16,17,20,21,22,23,24,25
1044 - 02,04,05,06,07,08,10,11,12,15,17,20,23,24,25
1043 - 01,02,06,07,08,09,10,11,12,14,17,18,19,24,25
1042 - 01,03,06,07,08,09,10,11,14,15,16,19,21,22,24
1041 - 01,03,05,07,10,12,13,15,17,19,20,21,23,24,25
1040 - 01,02,04,06,08,09,10,12,13,16,20,21,22,23,25
1039 - 01,02,03,08,09,12,13,14,15,18,19,20,21,22,24
1038 - 02,06,07,08,09,10,13,16,17,18,19,20,21,24,25
1037 - 01,05,06,09,10,11,12,15,17,18,20,21,23,24,25
1036 - 04,05,07,09,10,11,12,14,17,18,19,20,21,22,24
1035 - 04,06,07,09,12,13,14,15,18,19,20,21,22,23,25
1034 - 02,03,04,06,08,10,12,13,14,17,18,19,20,21,23
1033 - 03,04,06,07,08,12,13,14,16,17,18,21,22,23,24
1032 - 01,02,03,04,06,08,10,11,13,14,16,17,18,20,23
1031 - 01,02,04,05,06,09,11,12,14,15,17,19,20,22,24
1030 - 01,02,03,04,08,09,10,11,15,16,17,18,19,20,23
1029 - 01,02,03,06,08,11,13,14,17,18,19,22,23,24,25
1028 - 04,05,06,07,08,09,10,11,16,17,19,20,23,24,25
1027 - 01,03,05,06,08,09,10,12,14,15,16,19,21,23,25
1026 - 01,05,06,07,11,12,14,15,16,18,19,20,21,23,24
1025 - 01,02,07,09,11,13,14,15,16,17,18,19,22,23,25
1024 - 01,02,04,07,09,10,11,12,13,14,17,20,21,22,23
1023 - 01,02,03,06,07,08,09,11,13,14,16,18,21,22,23
1022 - 01,03,04,05,07,08,09,10,14,16,18,21,22,24,25
1021 - 01,05,06,09,10,13,14,15,16,18,19,20,21,22,23
1020 - 02,03,05,07,09,11,12,13,15,16,18,19,20,21,24
1019 - 01,02,03,04,05,07,08,10,12,17,18,20,21,22,23
1018 - 02,04,05,07,08,10,11,12,14,16,17,18,19,22,24
1017 - 01,02,03,04,08,09,10,11,12,15,16,17,19,21,23
1016 - 01,02,03,05,06,11,12,14,15,16,19,20,21,23,25
1015 - 01,02,03,05,06,07,08,13,15,16,17,18,20,21,23
1014 - 01,02,08,09,10,12,13,14,17,18,20,22,23,24,25
1013 - 01,02,03,04,05,07,10,11,13,17,18,19,20,21,23
1012 - 01,02,07,09,11,12,14,15,16,17,18,21,22,24,25
1011 - 01,03,04,05,07,09,10,13,15,17,18,19,23,24,25
1010 - 01,02,04,06,08,10,11,13,14,15,16,19,21,22,23
1009 - 02,04,06,09,10,11,12,14,15,17,18,19,20,22,24
1008 - 01,03,06,07,08,09,10,12,13,16,17,18,19,21,22
1007 - 01,02,03,06,07,09,10,11,12,18,20,22,23,24,25
1006 - 01,03,04,05,06,07,09,13,14,15,16,20,22,23,24
1005 - 01,05,07,09,10,12,14,15,16,18,19,20,21,22,24
1004 - 01,02,03,06,10,12,14,15,18,19,20,21,22,24,25
1003 - 01,02,03,06,08,10,12,14,16,17,19,20,21,23,25
1002 - 03,04,08,10,12,13,14,15,16,17,18,20,21,22,24
1001 - 05,06,07,08,10,11,12,13,14,17,19,20,21,23,25
1000 - 02,03,04,08,11,12,13,14,15,16,17,18,19,20,22
999 - 01,02,05,06,07,08,10,12,13,14,15,16,18,21,24
998 - 01,02,03,04,05,09,11,12,14,17,19,20,21,22,23
997 - 02,04,05,07,09,10,12,15,16,17,18,19,22,23,24
996 - 02,03,04,06,07,09,13,16,17,18,20,21,23,24,25
995 - 01,02,03,04,07,08,09,12,13,14,17,20,22,23,24
994 - 03,05,07,08,09,11,12,13,14,15,16,18,22,23,25
993 - 02,04,05,07,09,10,12,14,17,20,21,22,23,24,25
992 - 01,03,04,05,07,08,09,10,11,13,15,17,19,20,24
991 - 01,02,05,06,07,09,12,14,15,17,18,21,22,24,25
990 - 01,05,06,07,08,10,11,12,13,15,16,19,20,22,24
989 - 03,04,06,08,09,10,13,14,15,17,18,19,22,23,24
988 - 01,03,05,07,09,11,12,13,15,16,17,19,20,24,25
987 - 02,04,05,06,07,09,11,12,13,15,18,19,20,22,23
986 - 01,02,05,07,11,13,14,15,16,18,20,21,22,23,24
985 - 03,04,06,07,09,12,13,14,17,18,21,22,23,24,25
984 - 02,04,08,09,10,11,12,13,15,20,21,22,23,24,25
983 - 02,04,05,06,07,08,10,11,14,15,16,18,19,21,25
982 - 01,03,04,05,06,07,09,13,14,17,18,20,21,23,24
981 - 01,02,03,04,06,08,09,12,16,18,19,21,22,24,25
980 - 01,02,06,07,08,09,10,11,12,13,17,20,21,22,24
979 - 02,05,06,07,08,09,10,14,16,19,21,22,23,24,25
978 - 03,04,05,06,07,08,09,11,12,13,14,15,16,18,25
977 - 01,02,06,07,08,10,11,13,14,17,18,20,22,23,24
976 - 01,02,03,04,06,07,10,11,13,14,19,21,23,24,25
975 - 01,02,04,06,07,10,11,12,13,14,16,17,19,20,24
974 - 01,04,06,07,08,09,10,12,14,15,17,19,21,22,24
973 - 01,02,03,05,06,08,11,14,15,18,20,21,22,24,25
972 - 01,03,06,08,11,13,14,15,16,20,21,22,23,24,25
971 - 03,04,05,06,07,09,10,11,18,20,21,22,23,24,25
970 - 01,03,06,08,09,10,12,15,17,18,19,20,21,23,24
969 - 01,03,04,05,09,10,11,12,16,17,18,19,20,22,24
968 - 02,03,04,05,07,09,11,13,14,16,18,19,20,21,25
967 - 02,03,04,06,08,09,10,11,16,17,20,21,22,23,25
966 - 02,03,04,05,06,07,08,10,11,12,17,19,21,22,25
965 - 03,04,08,09,10,11,13,14,15,16,18,19,21,22,24
964 - 01,02,03,04,07,09,10,11,15,17,18,19,20,21,23
963 - 03,04,06,07,09,10,11,14,15,16,17,18,19,23,24
962 - 01,04,06,08,09,11,13,14,15,17,20,21,22,23,25
961 - 01,02,03,04,05,07,09,11,12,15,18,20,21,22,25
960 - 01,02,03,04,06,07,10,12,14,16,17,18,20,21,24
959 - 02,05,06,09,11,12,14,16,19,20,21,22,23,24,25
958 - 01,04,05,06,09,12,13,14,16,17,19,20,21,22,24
957 - 01,03,04,05,06,07,08,13,15,16,21,22,23,24,25
956 - 02,03,04,05,06,08,11,12,13,16,17,18,19,21,22
955 - 01,02,04,05,07,09,10,11,12,13,14,16,18,21,24
954 - 03,05,06,08,10,11,12,13,14,16,18,20,23,24,25
953 - 01,02,05,06,07,09,10,12,13,14,15,16,18,21,24
952 - 01,03,04,06,08,11,12,14,17,18,19,21,22,23,25
951 - 03,07,08,09,10,13,14,15,17,19,20,21,22,23,25
950 - 02,04,05,07,08,09,12,13,14,17,18,19,20,21,25
949 - 01,06,07,08,09,10,11,12,13,14,15,16,17,21,23
948 - 01,02,05,06,08,09,11,13,16,17,18,19,21,22,24
947 - 01,02,03,05,07,09,10,11,12,15,16,18,20,22,24
946 - 01,07,08,09,10,14,16,17,18,19,20,21,22,24,25
945 - 02,03,04,05,06,09,11,13,18,19,20,21,23,24,25
944 - 01,08,09,10,11,12,13,14,16,17,18,19,21,24,25
943 - 03,04,05,06,09,10,12,13,14,15,17,18,21,22,23
942 - 01,03,04,05,06,07,11,12,13,18,19,20,21,22,24
941 - 01,02,03,04,05,07,08,09,10,11,15,16,18,23,25
940 - 02,03,04,06,07,09,13,14,16,17,18,19,20,24,25
939 - 01,04,05,06,07,09,10,11,15,16,18,19,20,21,25
938 - 02,03,04,06,07,10,11,13,15,16,17,18,19,20,25
937 - 01,02,06,09,10,11,12,13,14,16,19,20,23,24,25
936 - 01,02,03,04,06,07,08,13,15,17,18,19,20,23,25
935 - 01,02,03,04,05,06,07,09,10,12,14,18,19,22,23
934 - 02,03,04,08,09,10,11,14,19,20,21,22,23,24,25
933 - 02,03,04,05,06,07,10,11,14,15,16,17,19,23,24
932 - 01,04,05,08,12,13,14,15,16,18,20,21,22,23,25
931 - 02,03,05,06,08,10,11,12,14,16,19,20,22,24,25
930 - 02,03,05,06,09,11,12,14,15,16,20,22,23,24,25
929 - 01,02,04,05,07,08,09,10,11,14,18,20,21,23,25
928 - 01,04,06,08,09,10,11,12,14,15,17,19,23,24,25
927 - 02,03,05,06,09,11,13,14,16,17,20,21,22,23,25
926 - 01,05,06,07,08,09,10,11,12,13,14,15,19,21,24
925 - 01,03,04,06,07,09,12,13,14,15,16,22,23,24,25
924 - 01,02,06,07,08,09,10,12,14,16,17,18,19,20,24
923 - 01,03,04,05,06,07,10,12,14,15,19,20,22,24,25
922 - 02,04,05,06,08,09,12,15,16,17,20,21,22,23,24
921 - 01,02,03,04,07,09,12,15,16,17,18,19,21,24,25
920 - 01,02,03,04,05,06,10,12,13,15,16,19,20,22,23
919 - 01,02,03,04,05,07,09,10,11,13,14,17,19,21,22
918 - 01,02,03,04,06,08,09,13,14,15,16,17,21,22,23
917 - 01,02,03,04,05,06,11,13,14,17,19,20,21,22,24
916 - 01,02,03,04,05,06,07,11,13,14,17,18,19,23,24
915 - 01,02,04,05,06,08,10,11,13,18,20,22,23,24,25
914 - 01,03,04,05,06,10,11,12,15,17,18,20,22,23,24
913 - 03,04,05,06,10,12,13,15,17,18,19,20,22,24,25
912 - 02,03,04,07,10,14,15,16,17,18,19,20,21,22,23
911 - 01,02,03,05,06,08,11,13,15,17,21,22,23,24,25
910 - 03,04,05,06,08,09,11,13,16,17,18,19,20,24,25
909 - 01,02,03,05,06,07,08,10,11,12,13,18,20,21,22
908 - 01,02,04,06,07,09,10,12,13,15,17,18,23,24,25
907 - 02,03,04,05,07,08,10,13,14,15,16,20,21,22,23
906 - 01,02,03,05,06,07,08,09,10,12,17,18,21,22,24
905 - 01,04,06,08,10,11,12,13,14,16,17,20,21,22,23
904 - 01,05,06,07,09,10,12,13,16,17,18,19,20,22,24
903 - 01,02,03,04,05,06,08,10,11,13,15,16,18,20,22
902 - 01,02,03,04,05,06,08,09,11,17,20,21,23,24,25
901 - 01,02,04,06,07,10,12,13,14,16,18,22,23,24,25
900 - 01,02,06,07,08,10,11,12,13,15,18,20,22,24,25
899 - 01,04,07,09,10,12,14,15,16,17,18,20,21,23,25
898 - 01,04,06,08,09,10,11,12,13,14,18,20,21,24,25
897 - 01,02,05,07,08,09,10,11,13,14,16,17,18,21,23
896 - 01,02,03,04,06,07,08,12,13,15,17,18,19,20,23
895 - 02,03,04,05,06,08,11,12,13,16,17,18,19,21,25
894 - 01,02,05,06,09,12,13,14,15,18,19,21,22,24,25
893 - 01,02,03,04,05,06,08,09,11,15,16,20,22,23,24
892 - 01,02,03,05,06,10,13,14,16,17,19,20,21,22,24
891 - 01,05,06,07,08,12,14,15,16,17,19,21,23,24,25
890 - 01,02,03,04,05,06,07,08,11,16,17,18,19,23,24
889 - 02,04,05,06,07,09,11,12,13,16,18,19,21,22,25
888 - 01,03,06,11,12,13,14,16,17,18,19,20,21,22,24
887 - 01,06,08,10,11,12,15,17,18,19,20,21,23,24,25
886 - 01,03,04,07,08,10,11,12,13,15,16,17,20,21,23
885 - 02,05,07,08,09,11,12,15,16,17,18,19,22,23,24
884 - 01,04,07,08,09,10,12,13,15,17,18,19,20,21,25
883 - 03,05,06,07,08,09,10,12,16,17,18,19,21,22,25
882 - 01,02,07,08,10,11,12,13,14,17,18,19,22,24,25
881 - 01,03,04,05,06,07,08,09,15,16,19,20,21,22,23
880 - 02,05,06,07,08,10,14,16,18,19,21,22,23,24,25
879 - 02,03,04,07,09,10,12,13,15,16,18,21,22,24,25
878 - 01,02,03,05,06,07,10,12,13,14,16,19,22,23,25
877 - 03,07,08,09,10,11,13,14,15,16,18,19,21,23,25
876 - 03,05,06,07,09,12,13,14,16,18,20,21,23,24,25
875 - 02,04,06,08,09,10,12,13,15,18,21,22,23,24,25
874 - 01,02,04,05,06,07,08,09,10,16,19,20,21,23,25
873 - 02,03,06,07,08,09,11,12,13,14,15,17,18,22,25
872 - 01,02,04,05,06,07,09,10,12,13,14,17,18,22,23
871 - 02,04,06,08,09,10,12,13,14,15,17,19,22,23,24
870 - 01,02,04,05,06,07,08,10,12,13,14,16,17,18,23
869 - 01,03,06,09,10,11,12,14,18,20,21,22,23,24,25
868 - 01,02,03,08,09,10,12,13,14,16,17,19,21,22,24
867 - 02,03,04,05,06,07,08,10,12,13,14,15,21,22,25
866 - 01,02,03,05,07,08,09,10,11,13,14,18,20,23,24
865 - 01,03,04,05,06,07,10,13,18,19,20,21,22,23,25
864 - 03,06,08,10,12,13,15,16,17,18,19,21,22,23,24
863 - 01,03,04,07,08,13,15,16,17,18,19,22,23,24,25
862 - 01,02,03,04,05,10,13,14,15,17,18,19,20,23,24
861 - 01,02,03,04,06,07,09,10,11,14,15,17,19,22,23
860 - 03,04,05,06,07,09,10,13,14,15,16,19,22,24,25
859 - 01,02,03,04,05,06,09,10,11,13,14,17,18,19,20
858 - 01,03,04,05,06,08,09,11,12,17,19,20,22,23,25
857 - 01,03,04,06,08,11,13,14,15,16,18,19,20,21,24
856 - 02,03,07,08,09,11,12,13,15,16,19,20,22,23,25
855 - 01,03,04,08,09,10,11,13,14,15,17,18,23,24,25
854 - 01,02,03,05,08,09,10,13,14,15,17,18,20,21,22
853 - 02,03,05,06,08,09,11,12,17,18,19,20,21,22,23
852 - 01,02,03,04,05,08,11,12,16,18,20,21,23,24,25
851 - 01,04,05,06,07,10,13,14,15,17,18,19,20,22,24
850 - 02,03,05,07,08,10,13,14,18,19,20,21,22,23,24
849 - 01,04,05,10,12,13,14,15,16,17,18,20,23,24,25
848 - 02,03,05,08,09,13,14,16,17,18,19,21,23,24,25
847 - 01,03,05,06,07,09,10,11,13,14,17,18,20,21,25
846 - 01,04,06,09,10,11,13,14,15,19,20,21,23,24,25
845 - 02,04,06,07,11,12,14,16,18,19,21,22,23,24,25
844 - 01,03,05,07,08,09,10,12,15,16,17,19,22,24,25
843 - 03,04,07,08,11,12,13,15,16,17,19,20,21,22,24
842 - 03,04,05,07,10,11,13,14,15,18,19,20,21,22,24
841 - 01,03,05,06,08,10,12,13,14,15,16,17,20,21,24
840 - 02,04,06,09,11,12,13,17,18,19,20,21,22,23,25
839 - 02,03,04,06,07,08,13,14,16,17,19,21,22,24,25
838 - 02,04,05,07,09,10,11,14,15,16,18,20,21,23,24
837 - 01,03,07,08,10,11,12,13,14,15,16,18,20,22,24
836 - 02,04,07,08,09,10,12,14,15,16,18,20,21,22,25
835 - 01,02,04,06,08,12,14,15,16,17,18,19,21,24,25
834 - 02,04,07,08,09,10,11,14,16,18,19,20,21,22,23
833 - 02,05,06,07,10,11,12,13,16,17,18,19,20,22,25
832 - 02,05,06,07,08,10,11,12,15,16,19,22,23,24,25
831 - 01,02,03,05,09,10,11,12,14,16,17,18,20,21,22
830 - 01,04,06,09,10,11,12,13,14,16,17,19,21,23,24
829 - 02,05,07,08,09,11,13,14,16,17,18,22,23,24,25
828 - 01,06,07,08,09,12,14,15,17,19,20,22,23,24,25
827 - 01,02,04,05,07,09,10,12,13,14,16,17,21,22,24
826 - 03,05,06,12,13,14,15,16,17,18,19,20,21,23,24
825 - 01,06,07,08,09,10,11,13,14,15,17,19,22,23,25
824 - 02,03,04,07,11,12,13,14,15,19,20,21,22,24,25
823 - 01,02,04,05,09,11,12,13,14,16,19,20,22,24,25
822 - 02,03,05,11,12,14,15,16,17,18,19,21,22,23,24
821 - 03,04,05,07,09,10,11,12,14,16,17,21,23,24,25
820 - 01,02,03,05,06,07,08,09,10,13,15,16,22,23,24
819 - 03,04,05,06,07,08,09,10,11,12,18,19,20,21,22
818 - 04,05,06,08,10,11,13,14,16,19,20,22,23,24,25
817 - 01,02,03,04,05,08,10,11,12,17,18,20,23,24,25
816 - 02,03,05,08,09,10,11,12,13,15,16,17,19,23,25
815 - 06,07,08,10,11,14,15,17,18,20,21,22,23,24,25
814 - 03,04,08,10,11,12,13,14,17,19,20,21,22,23,24
813 - 01,03,04,05,06,07,08,10,12,16,19,21,23,24,25
812 - 01,03,05,07,08,11,14,17,18,19,20,21,23,24,25
811 - 01,02,03,04,05,06,07,09,10,12,14,17,19,20,22
810 - 01,03,06,07,09,11,12,15,16,17,18,21,22,23,24
809 - 01,02,04,05,07,09,13,16,18,19,21,22,23,24,25
808 - 04,06,07,10,11,12,14,16,17,18,20,21,22,24,25
807 - 02,03,04,05,07,08,10,11,13,18,19,21,22,24,25
806 - 01,02,03,05,06,07,08,10,14,15,16,19,20,24,25
805 - 01,02,04,06,07,09,11,13,14,16,17,20,22,24,25
804 - 01,03,04,05,06,07,08,13,15,17,18,20,21,23,24
803 - 01,04,05,12,14,15,16,17,18,19,20,21,23,24,25
802 - 01,03,04,05,08,09,10,12,13,14,18,20,21,22,25
801 - 01,03,04,05,06,07,10,12,15,17,18,19,21,23,25
800 - 03,04,06,07,08,09,10,11,12,13,16,20,21,22,24
799 - 03,04,06,08,11,13,14,15,16,19,21,22,23,24,25
798 - 01,03,05,06,08,10,11,13,15,16,18,19,22,23,24
797 - 02,03,05,06,07,08,11,15,17,18,19,20,21,24,25
796 - 02,03,04,06,07,08,10,11,14,16,17,18,20,21,24
795 - 01,02,03,04,06,07,08,09,10,12,14,16,21,22,24
794 - 01,02,03,04,05,06,08,09,11,14,15,20,23,24,25
793 - 02,04,05,07,09,11,12,14,16,17,18,20,21,23,25
792 - 01,02,03,06,08,09,10,12,14,18,19,20,21,23,25
791 - 01,02,03,05,06,07,08,10,11,13,14,21,22,23,25
790 - 03,06,07,08,10,12,13,16,18,19,20,22,23,24,25
789 - 02,03,04,08,10,11,12,14,15,16,18,19,21,22,24
788 - 01,03,04,08,09,10,11,12,16,19,21,22,23,24,25
787 - 01,04,05,08,09,10,11,12,13,14,16,17,19,20,23
786 - 02,04,05,06,08,10,11,12,13,15,17,21,23,24,25
785 - 01,02,04,06,07,10,11,12,13,15,16,17,19,21,23
784 - 01,02,03,04,07,11,12,13,15,18,20,21,22,23,25
783 - 01,02,05,06,07,08,11,13,15,16,19,20,21,22,24
782 - 05,08,09,10,11,12,13,14,15,16,17,18,19,20,21
781 - 01,02,04,08,09,10,11,14,15,16,17,19,20,22,25
780 - 03,06,07,08,10,13,15,16,17,18,19,20,21,24,25
779 - 04,05,08,09,11,12,13,14,16,17,19,20,21,22,23
778 - 02,05,06,07,09,10,11,13,15,16,19,20,22,24,25
777 - 02,03,06,09,11,12,13,14,15,16,20,21,23,24,25
776 - 01,02,03,04,10,11,12,13,14,18,19,20,22,23,24
775 - 02,03,06,07,08,09,10,12,13,14,16,17,18,19,20
774 - 01,03,04,05,06,08,09,11,12,14,15,18,19,22,25
773 - 02,05,06,07,08,10,11,13,15,17,18,20,22,24,25
772 - 02,04,06,07,08,09,10,11,12,15,16,20,23,24,25
771 - 02,04,05,06,07,08,09,10,14,16,17,20,22,23,25
770 - 01,03,04,05,06,09,11,12,16,17,18,21,22,24,25
769 - 03,04,05,07,10,11,13,15,16,17,19,20,22,23,25
768 - 01,03,05,06,11,12,13,14,15,17,19,20,23,24,25
767 - 01,03,04,05,07,08,10,11,12,15,17,19,22,23,24
766 - 01,03,05,06,07,09,12,13,14,15,16,18,21,24,25
765 - 01,02,03,07,08,09,10,12,13,14,18,20,23,24,25
764 - 01,03,04,06,08,09,11,12,14,16,17,19,23,24,25
763 - 01,02,03,04,06,07,13,14,16,17,18,21,22,24,25
762 - 01,02,03,05,06,07,09,10,11,12,13,14,17,21,22
761 - 01,04,05,06,10,11,12,13,14,15,16,19,20,22,24
760 - 01,02,03,07,09,10,11,12,13,15,16,17,23,24,25
759 - 02,05,07,08,09,10,15,16,17,18,19,20,23,24,25
758 - 01,02,04,05,06,11,12,15,16,17,18,20,23,24,25
757 - 01,03,04,08,09,10,11,13,14,15,17,18,20,21,23
756 - 03,05,06,07,08,10,13,14,15,16,17,20,22,23,25
755 - 01,02,03,05,07,08,10,11,12,13,14,16,17,24,25
754 - 01,04,05,07,13,15,16,17,18,19,20,22,23,24,25
753 - 01,03,04,05,06,07,08,11,13,14,17,20,21,22,25
752 - 01,04,05,06,07,08,12,13,14,16,18,19,21,24,25
751 - 03,05,06,08,09,12,13,14,16,17,19,20,21,22,23
750 - 02,03,04,05,07,09,10,11,13,15,19,20,21,24,25
749 - 01,02,03,04,06,07,08,11,13,14,15,18,19,22,24
748 - 01,03,04,05,06,08,09,10,12,15,17,18,20,21,23
747 - 01,02,03,04,06,07,10,12,13,15,16,17,20,23,24
746 - 02,03,04,05,08,09,10,16,17,18,19,20,21,24,25
745 - 01,03,06,07,08,09,11,12,13,16,17,20,22,24,25
744 - 01,03,04,06,07,09,10,11,12,13,15,16,19,23,24
743 - 01,02,03,06,09,10,11,12,14,15,17,21,22,23,24
742 - 01,03,05,06,07,08,09,11,13,14,15,19,20,21,23
741 - 02,03,05,07,10,11,12,13,14,16,17,18,21,24,25
740 - 01,04,05,09,10,11,12,13,14,19,21,22,23,24,25
739 - 02,03,04,08,09,10,11,14,17,20,21,22,23,24,25
738 - 02,06,07,09,11,12,13,14,16,18,19,20,23,24,25
737 - 02,03,04,05,06,07,08,10,12,14,16,17,18,22,25
736 - 02,03,04,05,06,08,09,10,13,15,16,17,19,21,23
735 - 05,06,08,10,11,12,13,14,17,19,20,21,22,24,25
734 - 02,03,06,08,09,10,13,15,17,18,19,20,21,23,24
733 - 01,04,05,06,07,08,11,12,14,16,18,19,20,22,24
732 - 01,04,08,09,10,11,13,14,17,20,21,22,23,24,25
731 - 03,04,06,07,08,11,12,14,15,17,18,19,21,22,24
730 - 01,03,04,08,11,12,14,16,18,19,20,21,22,24,25
729 - 01,02,03,04,06,07,09,10,12,14,15,17,22,23,25
728 - 03,04,06,07,08,10,11,13,16,19,20,21,22,23,25
727 - 03,04,06,07,08,09,11,16,18,20,21,22,23,24,25
726 - 01,02,04,07,09,10,11,13,14,15,16,20,21,24,25
725 - 01,05,06,07,09,10,12,13,15,16,17,18,21,24,25
724 - 01,03,05,06,07,10,12,14,15,18,19,20,23,24,25
723 - 02,03,04,05,07,08,09,10,11,12,14,15,18,20,24
722 - 01,03,05,06,07,08,10,13,14,16,17,19,20,23,24
721 - 01,02,03,04,05,07,08,09,10,11,12,14,15,19,21
720 - 04,07,09,10,11,12,13,16,17,18,20,21,23,24,25
719 - 02,07,08,09,10,11,13,15,16,18,19,22,23,24,25
718 - 03,04,07,09,11,13,14,15,17,19,21,22,23,24,25
717 - 01,02,03,05,07,08,09,11,14,16,18,20,21,23,25
716 - 01,03,05,07,08,11,12,14,15,16,18,20,21,23,25
715 - 01,03,05,08,10,11,13,14,15,18,20,22,23,24,25
714 - 04,06,07,08,09,10,11,12,13,14,15,17,19,21,22
713 - 02,03,04,05,06,11,13,14,15,19,21,22,23,24,25
712 - 01,04,08,09,12,14,15,16,17,18,20,21,22,23,25
711 - 01,02,04,05,06,07,10,12,13,15,16,18,21,22,24
710 - 02,03,04,06,12,14,15,17,18,19,20,21,22,24,25
709 - 01,03,06,07,08,11,12,14,15,16,18,19,20,22,23
708 - 01,02,03,04,05,06,09,11,14,16,19,21,22,24,25
707 - 03,04,06,07,08,11,12,14,15,16,17,20,21,24,25
706 - 01,02,03,04,06,08,12,13,16,18,19,21,22,24,25
705 - 03,04,06,07,08,09,11,12,14,15,16,20,21,22,25
704 - 02,03,05,06,08,10,11,13,14,15,16,17,22,23,24
703 - 02,05,08,10,11,14,15,17,18,20,21,22,23,24,25
702 - 01,02,03,04,05,06,07,08,09,10,13,14,20,23,25
701 - 03,04,08,10,12,13,14,16,17,19,20,21,22,23,25
700 - 01,02,06,07,08,09,10,13,14,16,18,19,21,22,25
699 - 02,03,04,06,08,09,10,15,16,18,19,21,22,23,25
698 - 02,03,04,06,07,09,10,12,14,15,18,20,21,22,24
697 - 01,02,03,07,08,11,14,15,16,18,19,22,23,24,25
696 - 01,04,05,07,09,10,11,13,14,15,16,20,21,22,24
695 - 02,03,04,05,11,13,14,17,18,19,20,21,22,24,25
694 - 01,03,06,08,09,10,11,14,15,16,18,19,20,21,24
693 - 01,02,03,04,06,07,09,10,11,14,16,17,19,21,22
692 - 01,02,04,06,07,10,11,12,17,18,19,21,22,23,24
691 - 01,02,03,06,07,08,09,11,13,17,18,19,20,22,23
690 - 01,02,03,09,10,11,12,13,14,15,18,19,20,24,25
689 - 02,03,04,05,06,07,08,11,12,13,15,17,22,23,24
688 - 01,02,03,04,07,09,11,12,14,16,19,21,22,23,24
687 - 01,02,03,04,06,09,12,13,15,18,19,20,23,24,25
686 - 01,03,04,06,07,10,12,13,16,19,20,22,23,24,25
685 - 01,03,04,09,12,13,15,17,19,20,21,22,23,24,25
684 - 01,04,05,08,10,11,12,13,14,16,20,21,22,24,25
683 - 01,02,04,05,06,07,08,09,10,11,12,13,15,23,24
682 - 01,02,04,05,06,07,08,11,14,17,18,19,22,24,25
681 - 02,03,04,06,07,08,10,11,12,14,15,16,18,19,23
680 - 03,04,06,07,08,09,12,13,14,16,18,19,20,21,22
679 - 02,07,08,10,11,12,13,14,15,17,18,19,20,21,22
678 - 02,03,05,07,09,10,12,15,18,19,20,21,23,24,25
677 - 01,02,05,06,07,08,10,11,12,13,15,16,19,23,25
676 - 02,04,05,06,08,10,12,13,15,16,19,20,21,24,25
675 - 02,03,04,05,07,10,11,13,14,15,16,17,22,23,24
674 - 02,03,08,10,11,14,15,16,18,19,20,22,23,24,25
673 - 02,04,05,07,08,09,10,11,12,13,14,15,17,19,20
672 - 01,02,04,06,09,10,11,12,15,17,19,21,23,24,25
671 - 04,05,07,08,09,10,11,12,13,14,18,19,20,22,24
670 - 01,07,08,10,12,13,14,15,17,18,20,21,22,23,25
669 - 02,04,05,06,12,13,15,16,17,18,19,22,23,24,25
668 - 01,02,07,09,10,11,12,13,15,16,17,20,23,24,25
667 - 03,04,05,06,08,10,13,15,17,18,19,20,21,24,25
666 - 01,02,04,06,07,11,12,14,15,16,18,20,21,24,25
665 - 02,03,06,07,12,13,14,15,17,18,20,21,22,24,25
664 - 01,03,04,07,10,13,14,15,16,17,18,20,21,23,24
663 - 02,04,05,06,07,09,11,13,16,17,19,21,22,23,24
662 - 01,02,03,06,07,08,09,11,13,14,15,16,19,20,22
661 - 01,03,06,07,10,11,12,15,17,18,19,20,22,23,24
660 - 03,04,05,06,07,08,09,12,14,15,16,17,19,24,25
659 - 01,03,04,05,06,08,09,10,11,12,15,19,20,23,24
658 - 01,04,05,06,07,09,10,11,14,15,17,21,23,24,25
657 - 02,03,04,05,06,08,10,12,13,15,17,19,23,24,25
656 - 02,03,05,07,08,09,11,13,14,15,18,20,22,23,25
655 - 02,05,07,08,10,11,13,14,15,19,20,21,23,24,25
654 - 01,02,03,07,12,13,14,16,17,18,19,20,22,23,25
653 - 01,02,03,07,08,12,13,14,16,17,19,20,21,22,23
652 - 02,05,07,09,10,11,13,14,16,17,18,19,20,21,23
651 - 01,04,05,06,08,10,13,14,15,17,18,19,20,24,25
650 - 01,03,07,08,10,13,14,16,17,19,20,21,23,24,25
649 - 01,02,04,05,06,08,09,10,11,14,15,17,21,22,24
648 - 02,04,06,08,09,10,11,13,15,16,18,19,20,21,22
647 - 04,06,07,08,09,11,13,14,17,18,19,20,22,23,25
646 - 01,03,05,06,09,10,14,15,17,18,19,20,21,23,25
645 - 04,05,08,09,10,11,13,16,18,19,20,21,22,23,25
644 - 02,03,05,06,07,08,09,12,13,14,15,18,21,22,24
643 - 01,02,04,07,08,09,10,13,16,17,19,21,22,23,24
642 - 01,02,04,05,08,10,11,12,13,18,19,20,21,22,25
641 - 02,03,06,07,08,09,11,13,16,18,19,20,21,22,24
640 - 01,03,04,05,09,11,13,14,16,18,19,20,21,22,23
639 - 01,02,04,05,06,08,09,10,12,16,19,20,21,22,24
638 - 01,02,03,04,09,11,13,14,16,18,19,21,23,24,25
637 - 02,04,06,07,09,13,16,17,18,19,20,21,22,23,25
636 - 01,02,03,04,06,10,12,13,14,16,19,20,21,23,25
635 - 01,04,05,06,07,08,09,11,12,13,18,19,20,22,24
634 - 02,03,04,05,09,10,11,12,14,15,18,19,20,21,22
633 - 02,03,06,07,08,09,10,12,18,20,21,22,23,24,25
632 - 01,04,06,08,10,11,13,14,16,17,20,21,22,24,25
631 - 02,03,05,07,08,09,10,13,14,16,17,18,19,20,21
630 - 01,02,04,06,07,12,13,14,17,18,20,22,23,24,25
629 - 01,02,04,05,06,07,09,12,14,15,17,19,21,22,25
628 - 02,03,04,07,08,09,10,11,13,15,18,19,22,23,25
627 - 01,02,03,04,06,10,12,14,15,17,21,22,23,24,25
626 - 01,02,03,04,05,07,08,09,11,13,17,19,21,23,24
625 - 01,02,03,06,08,10,11,13,14,15,16,17,22,23,24
624 - 01,02,04,05,06,07,09,11,12,16,17,18,20,21,24
623 - 01,02,03,04,05,08,09,10,11,12,15,20,22,23,25
622 - 02,03,04,05,06,07,09,10,11,12,13,15,17,18,21
621 - 01,02,03,05,06,08,09,10,12,15,16,20,22,24,25
620 - 01,05,06,07,10,11,12,14,15,16,18,19,20,21,22
619 - 01,03,04,07,08,09,13,14,17,18,19,20,21,23,25
618 - 01,02,04,05,06,07,09,12,13,17,19,20,21,22,24
617 - 01,02,03,04,05,07,10,14,15,16,19,21,22,24,25
616 - 01,02,06,09,10,12,15,16,17,18,19,21,22,24,25
615 - 01,02,04,07,08,11,12,17,19,20,21,22,23,24,25
614 - 01,05,06,07,09,11,12,13,16,17,18,19,20,22,23
613 - 02,05,06,07,10,11,12,13,14,16,17,20,22,23,25
612 - 01,02,03,06,07,09,10,13,15,16,17,18,19,23,25
611 - 02,03,04,05,06,08,09,13,14,16,18,19,20,21,23
610 - 01,02,04,06,07,08,10,12,13,14,15,16,21,22,25
609 - 01,02,04,07,09,10,11,12,14,15,16,19,20,23,25
608 - 01,02,03,05,07,08,10,13,14,16,17,18,19,23,25
607 - 03,05,07,09,12,15,16,17,18,19,20,21,22,24,25
606 - 02,03,06,07,08,10,12,14,15,16,18,22,23,24,25
605 - 02,03,04,05,07,10,11,13,14,16,17,18,21,23,25
604 - 01,02,06,07,09,12,13,14,15,18,19,20,22,24,25
603 - 02,04,05,06,08,10,12,13,15,16,19,20,21,22,23
602 - 01,02,05,06,07,08,09,10,11,12,13,18,22,23,25
601 - 01,03,05,06,07,09,10,11,12,13,14,16,19,20,25
600 - 01,03,05,06,08,09,10,11,16,17,18,19,22,23,25
599 - 02,04,05,06,07,09,12,13,16,18,20,21,22,23,24
598 - 01,03,04,05,07,11,12,14,15,18,19,20,21,22,25
597 - 01,02,03,05,08,09,10,11,14,16,17,18,22,24,25
596 - 02,03,07,08,09,10,11,12,17,18,19,20,22,23,25
595 - 01,05,06,07,08,09,10,11,12,15,17,19,21,24,25
594 - 02,03,06,07,09,10,11,13,14,15,16,18,20,23,25
593 - 01,03,04,05,06,09,10,11,13,14,15,20,23,24,25
592 - 01,03,05,06,08,09,10,14,15,16,17,18,19,20,22
591 - 01,02,04,07,08,10,11,14,15,16,17,19,20,21,23
590 - 01,03,04,06,09,10,11,13,14,15,16,18,19,20,21
589 - 02,03,04,06,08,09,10,12,13,20,21,22,23,24,25
588 - 01,04,05,07,11,12,13,14,17,18,19,20,23,24,25
587 - 01,04,05,07,09,10,11,12,13,17,18,19,20,21,23
586 - 02,03,04,06,07,08,11,12,16,17,18,19,22,24,25
585 - 01,05,07,08,09,10,13,14,15,16,17,18,20,23,24
584 - 02,03,05,06,07,08,10,11,14,15,19,20,21,22,23
583 - 01,03,04,07,08,09,11,14,16,17,18,19,21,23,24
582 - 03,07,08,09,10,11,12,13,15,17,18,19,21,23,25
581 - 02,04,06,09,11,12,13,14,15,17,18,19,21,23,25
580 - 01,04,06,07,08,09,10,12,13,14,16,17,21,24,25
579 - 01,03,05,06,07,08,10,12,13,14,17,19,20,21,24
578 - 01,04,06,07,08,10,12,13,14,15,16,19,21,22,23
577 - 01,02,03,04,05,08,10,12,15,16,18,19,21,22,23
576 - 06,08,09,10,11,12,13,15,16,17,18,19,21,23,25
575 - 03,05,08,09,10,12,13,15,16,17,18,19,21,22,24
574 - 01,05,06,11,12,13,14,16,18,19,20,21,22,23,25
573 - 01,02,03,07,10,11,12,14,16,18,20,22,23,24,25
572 - 02,05,06,08,09,10,13,14,15,16,17,19,21,22,24
571 - 03,04,05,06,07,11,12,15,16,18,19,20,21,24,25
570 - 01,02,03,04,05,10,12,14,15,18,19,20,21,22,23
569 - 01,02,06,07,08,12,13,16,17,18,19,20,22,24,25
568 - 01,02,04,05,06,07,08,09,13,15,16,17,18,20,21
567 - 01,02,05,07,08,09,10,12,13,14,15,17,21,24,25
566 - 01,03,04,05,07,09,10,11,14,15,16,17,19,20,21
565 - 01,04,06,07,09,10,12,15,17,18,19,20,21,23,24
564 - 01,02,03,04,07,09,12,14,15,17,19,20,21,23,24
563 - 01,03,04,05,06,07,09,11,12,16,19,20,22,23,24
562 - 01,02,03,05,07,08,13,14,16,18,19,20,21,22,24
561 - 02,03,04,06,07,09,10,11,12,13,15,17,18,20,21
560 - 01,02,04,09,10,12,14,17,18,19,20,21,23,24,25
559 - 01,02,05,07,09,10,11,13,14,16,19,20,21,22,23
558 - 01,03,04,05,07,10,12,14,17,18,20,21,22,24,25
557 - 01,05,07,08,09,10,12,14,15,17,18,19,20,21,23
556 - 01,04,08,09,11,13,14,16,17,18,20,22,23,24,25
555 - 01,02,06,07,08,09,10,12,14,16,17,18,20,23,24
554 - 01,02,03,04,06,09,13,14,17,19,20,21,22,24,25
553 - 04,05,07,08,09,10,12,13,14,15,17,18,21,23,24
552 - 01,03,04,05,06,08,10,12,13,17,20,22,23,24,25
551 - 03,07,08,10,12,13,14,16,17,18,19,20,21,22,24
550 - 01,05,06,07,09,10,11,13,14,16,17,18,20,21,22
549 - 03,04,07,09,10,11,13,14,15,16,17,20,21,22,23
548 - 01,02,03,04,05,06,07,08,09,13,14,17,20,23,25
547 - 01,02,04,05,06,09,10,12,14,16,17,19,20,24,25
546 - 02,03,04,05,08,09,10,11,12,13,17,18,19,21,23
545 - 01,03,05,06,07,11,12,13,14,15,17,18,23,24,25
544 - 02,04,05,07,08,09,11,13,14,15,18,19,21,23,24
543 - 01,05,07,08,10,11,13,14,15,16,17,20,22,24,25
542 - 01,02,03,04,05,08,09,10,13,16,17,18,20,22,24
541 - 03,04,05,06,09,10,13,14,15,17,19,20,22,24,25
540 - 02,06,07,08,09,11,12,13,15,16,18,19,20,22,24
539 - 01,02,04,05,06,08,09,12,13,14,15,16,19,21,23
538 - 02,05,06,10,11,12,13,16,17,18,19,20,21,24,25
537 - 01,02,04,06,09,10,11,14,15,17,18,20,22,23,24
536 - 03,04,05,07,09,11,15,16,17,19,20,22,23,24,25
535 - 01,04,05,06,09,11,13,15,16,17,19,21,23,24,25
534 - 01,02,03,05,07,08,11,12,13,15,18,19,21,22,24
533 - 01,02,03,08,09,10,11,13,14,16,17,18,20,24,25
532 - 01,02,04,05,06,07,09,11,12,13,15,16,19,22,24
531 - 01,02,03,07,10,12,13,14,15,16,17,21,22,23,25
530 - 03,04,06,07,08,09,10,11,12,14,16,18,21,22,23
529 - 02,03,05,06,07,11,12,16,17,18,19,20,22,23,25
528 - 02,03,04,06,07,08,10,11,12,15,19,21,23,24,25
527 - 01,02,05,06,09,11,12,14,15,16,17,19,22,23,24
526 - 01,02,04,07,08,09,10,11,12,14,15,16,19,24,25
525 - 03,04,06,09,10,11,13,15,16,17,18,20,21,22,25
524 - 02,03,05,06,07,10,11,12,14,17,20,21,22,23,24
523 - 02,04,05,08,09,10,11,12,13,16,17,18,19,24,25
522 - 02,04,06,07,09,11,16,17,18,19,21,22,23,24,25
521 - 01,02,03,04,05,06,09,10,11,12,13,17,19,20,23
520 - 02,04,05,06,09,10,12,14,15,18,19,20,22,23,24
519 - 02,03,07,09,11,12,13,15,16,17,19,21,23,24,25
518 - 04,05,06,07,10,11,12,13,14,16,17,19,20,22,24
517 - 01,03,04,05,06,07,08,09,11,12,13,17,21,22,23
516 - 02,04,05,06,07,08,11,12,13,14,18,20,21,23,24
515 - 02,03,05,07,09,10,11,12,13,14,17,18,20,24,25
514 - 01,05,06,07,08,09,11,12,15,17,18,21,22,24,25
513 - 01,02,03,06,09,10,11,13,15,17,18,20,22,23,25
512 - 01,02,04,05,06,07,08,09,10,12,13,15,16,21,24
511 - 01,02,05,07,10,11,12,13,14,17,18,19,21,24,25
510 - 01,02,03,04,06,07,10,11,12,13,20,21,22,23,25
509 - 01,03,05,06,09,11,12,15,16,17,19,20,22,24,25
508 - 02,03,05,06,07,08,09,14,15,16,18,19,23,24,25
507 - 01,02,03,05,06,08,09,10,11,12,20,21,23,24,25
506 - 04,05,06,09,11,12,13,15,16,17,19,20,21,22,24
505 - 03,04,06,07,09,11,15,16,17,18,19,20,21,22,24
504 - 01,06,09,10,12,13,14,15,16,17,18,19,20,21,23
503 - 01,02,03,04,05,07,11,12,14,15,17,20,21,24,25
502 - 01,02,03,04,05,06,08,10,11,13,16,18,19,23,24
501 - 01,02,03,04,06,09,12,15,17,18,19,21,23,24,25
500 - 02,03,05,06,08,09,10,13,14,16,18,20,21,23,25
499 - 01,02,03,04,07,10,11,12,15,17,19,20,21,24,25
498 - 01,02,04,05,06,11,13,14,15,16,18,20,22,23,25
497 - 01,02,03,04,05,08,09,11,12,14,16,17,19,23,25
496 - 03,04,05,07,09,11,13,14,15,16,17,19,21,22,24
495 - 01,03,04,06,07,08,09,11,13,15,17,19,22,24,25
494 - 02,03,04,05,07,08,12,13,15,16,18,19,20,21,22
493 - 01,04,05,07,08,10,12,13,14,15,17,18,21,22,25
492 - 01,02,03,04,06,08,11,12,14,15,18,19,21,24,25
491 - 01,02,03,07,09,11,12,13,16,20,21,22,23,24,25
490 - 03,05,06,08,10,11,12,13,14,16,17,18,21,22,23
489 - 01,02,05,07,10,11,12,14,17,18,19,21,22,23,25
488 - 05,06,07,08,11,12,13,14,15,17,18,20,22,24,25
487 - 04,05,06,07,08,09,10,14,15,17,18,19,21,22,24
486 - 01,02,03,04,05,07,09,11,13,15,18,19,20,21,22
485 - 02,03,04,05,06,07,11,16,17,18,20,21,22,24,25
484 - 01,04,06,08,09,10,11,13,14,16,17,20,21,23,25
483 - 01,04,05,06,07,09,11,12,14,17,18,21,22,23,24
482 - 02,06,07,08,09,10,12,15,16,17,19,21,22,23,25
481 - 01,03,05,07,09,10,12,13,14,15,17,20,21,22,24
480 - 04,05,06,07,08,09,11,12,15,17,18,19,22,24,25
479 - 02,03,05,08,11,13,14,15,16,18,19,22,23,24,25
478 - 02,03,05,07,09,10,11,12,13,16,18,22,23,24,25
477 - 02,04,06,07,08,10,11,12,14,16,18,20,23,24,25
476 - 01,05,06,07,09,10,11,13,14,15,16,17,19,24,25
475 - 02,03,04,05,06,09,10,11,13,14,17,20,21,23,25
474 - 01,02,03,05,09,10,11,12,15,16,17,18,21,23,24
473 - 01,02,05,06,07,08,09,11,12,15,17,19,22,23,25
472 - 01,02,04,05,06,07,08,11,12,13,14,15,17,18,20
471 - 02,03,04,06,09,10,11,12,13,14,15,16,20,24,25
470 - 01,03,04,05,06,07,08,10,11,13,15,18,20,22,23
469 - 01,02,05,06,07,08,10,11,13,14,18,19,22,23,25
468 - 02,03,05,06,09,10,12,13,15,17,18,21,22,24,25
467 - 02,04,05,06,07,10,13,14,15,17,18,21,22,24,25
466 - 02,06,07,08,10,11,12,14,17,18,19,20,21,22,25
465 - 01,02,03,04,06,07,09,10,11,13,18,19,21,22,25
464 - 01,02,05,08,10,11,16,17,19,20,21,22,23,24,25
463 - 02,03,06,07,09,11,13,14,17,18,19,20,22,23,25
462 - 01,02,03,05,07,08,12,14,16,17,18,21,22,23,24
461 - 03,04,05,06,07,08,11,12,13,14,15,17,19,23,24
460 - 01,03,04,06,09,10,11,12,14,15,16,17,19,22,23
459 - 01,02,03,04,07,10,11,12,14,15,17,19,20,21,23
458 - 02,03,04,05,06,07,08,09,11,13,15,16,18,20,22
457 - 01,04,05,11,13,14,15,16,18,19,20,21,22,23,25
456 - 01,03,04,09,10,11,12,13,14,17,18,21,23,24,25
455 - 01,03,04,05,06,07,08,11,12,14,18,19,21,23,25
454 - 03,04,06,07,11,12,13,14,15,17,19,20,22,24,25
453 - 01,02,03,04,06,09,11,14,15,17,19,20,21,24,25
452 - 01,06,07,08,09,10,11,12,14,17,18,19,20,24,25
451 - 01,03,05,06,08,09,14,15,17,18,19,22,23,24,25
450 - 04,05,06,07,09,11,14,16,17,18,21,22,23,24,25
449 - 01,02,03,04,08,09,10,11,16,17,18,19,22,24,25
448 - 01,03,05,06,09,10,11,12,13,14,15,17,20,23,24
447 - 01,02,05,08,10,12,16,17,18,19,20,21,22,24,25
446 - 01,02,04,05,06,08,10,11,14,15,16,19,21,23,24
445 - 01,02,04,07,09,10,11,12,13,15,16,18,19,20,21
444 - 01,02,03,06,07,10,14,15,18,19,20,21,22,24,25
443 - 01,02,03,05,07,10,11,12,16,17,18,19,21,22,23
442 - 05,06,07,08,09,12,13,14,15,17,18,22,23,24,25
441 - 01,02,03,04,07,08,09,10,11,13,14,20,23,24,25
440 - 01,03,05,08,09,12,13,14,15,16,19,21,22,24,25
439 - 02,03,05,09,10,11,12,14,15,17,19,21,23,24,25
438 - 01,04,07,08,09,11,13,15,17,18,21,22,23,24,25
437 - 01,02,04,05,06,08,10,11,12,16,17,19,20,21,23
436 - 03,04,06,07,10,13,14,15,18,19,20,21,22,23,25
435 - 01,03,04,05,10,11,13,14,15,16,17,18,21,24,25
434 - 03,04,06,09,11,12,13,15,16,17,18,21,23,24,25
433 - 01,02,03,05,07,08,09,14,15,19,21,22,23,24,25
432 - 02,03,04,06,07,10,12,13,15,17,19,20,21,23,24
431 - 01,02,03,05,09,11,12,13,15,18,20,21,22,23,24
430 - 02,03,04,05,06,07,09,11,13,14,15,20,22,23,25
429 - 02,03,04,05,06,07,08,12,13,14,16,17,19,23,25
428 - 01,03,04,11,13,14,15,17,18,19,20,21,22,23,24
427 - 01,03,04,05,06,07,09,10,11,12,16,19,21,22,24
426 - 02,03,04,05,06,08,10,11,15,16,18,19,22,24,25
425 - 01,07,09,10,11,12,13,15,16,18,19,20,22,23,24
424 - 01,03,06,09,10,11,13,14,15,16,17,18,19,24,25
423 - 01,02,03,05,11,13,15,16,17,18,20,22,23,24,25
422 - 01,02,03,04,06,07,08,12,13,14,17,18,22,23,25
421 - 03,04,05,08,09,10,12,13,14,15,16,19,20,23,25
420 - 03,04,05,06,07,08,09,10,11,12,18,19,22,24,25
419 - 03,04,05,06,07,14,15,16,17,18,20,21,22,23,24
418 - 05,08,09,10,11,12,13,14,18,19,20,22,23,24,25
417 - 01,02,03,08,09,11,12,13,14,15,16,17,19,21,23
416 - 01,02,05,06,07,13,15,16,18,19,20,22,23,24,25
415 - 01,03,07,10,11,13,14,15,17,18,19,20,21,22,23
414 - 02,03,05,06,08,09,10,11,15,16,18,19,20,21,25
413 - 02,03,05,06,08,09,10,12,13,14,16,17,20,21,25
412 - 03,04,08,09,10,11,12,16,17,18,19,20,21,22,25
411 - 01,05,07,09,11,12,14,16,17,18,20,21,22,24,25
410 - 01,04,05,07,08,09,10,11,13,14,15,17,18,19,25
409 - 01,02,04,06,07,08,10,14,16,17,20,21,23,24,25
408 - 01,02,03,04,10,11,12,14,15,18,19,20,21,22,23
407 - 02,04,06,07,08,09,11,12,14,15,16,17,20,22,25
406 - 01,02,04,05,07,08,09,10,11,16,17,21,22,23,24
405 - 04,05,06,07,08,11,12,13,14,16,18,19,22,24,25
404 - 01,05,06,08,10,11,13,14,16,18,20,21,22,24,25
403 - 02,04,06,07,08,09,11,12,13,14,15,19,21,24,25
402 - 01,02,04,06,07,08,09,11,16,20,21,22,23,24,25
401 - 01,02,03,05,06,07,08,10,14,16,17,21,23,24,25
400 - 01,05,09,10,12,14,15,16,17,19,20,21,22,23,24
399 - 01,04,07,09,10,11,12,14,16,17,19,21,22,23,24
398 - 02,03,04,05,07,08,09,10,12,13,16,18,20,21,22
397 - 01,02,03,04,05,06,08,09,10,13,14,15,20,22,25
396 - 01,02,03,05,06,07,09,10,11,13,15,18,20,22,24
395 - 01,02,04,06,08,09,11,13,14,15,17,21,22,23,25
394 - 02,05,06,07,08,12,13,14,16,18,20,21,22,23,24
393 - 01,03,04,06,07,08,10,11,17,18,20,21,22,23,25
392 - 01,02,03,04,10,11,12,14,15,17,18,20,21,23,25
391 - 01,03,04,06,08,09,12,13,15,16,18,21,22,23,25
390 - 02,05,07,10,11,12,13,14,15,19,20,21,22,24,25
389 - 02,03,04,05,06,09,10,12,13,17,18,19,23,24,25
388 - 01,02,03,05,06,07,09,10,11,15,16,17,18,20,21
387 - 02,03,04,08,09,10,11,12,14,15,19,20,21,22,23
386 - 01,02,03,04,06,07,09,11,15,18,19,20,21,23,25
385 - 01,02,04,05,06,08,12,13,15,18,20,22,23,24,25
384 - 01,03,04,07,10,11,13,15,17,18,19,20,21,22,25
383 - 03,05,06,07,09,11,12,14,15,16,18,22,23,24,25
382 - 02,03,04,07,08,09,10,11,12,14,15,16,21,22,24
381 - 01,03,04,06,07,09,10,12,13,15,17,19,21,22,25
380 - 02,03,04,06,07,08,09,10,11,14,17,18,22,23,25
379 - 03,04,05,07,10,11,12,13,14,16,17,18,21,22,25
378 - 02,03,04,06,12,13,14,15,16,19,21,22,23,24,25
377 - 01,02,03,04,07,08,09,11,12,13,15,17,19,20,22
376 - 02,03,08,10,12,13,14,15,16,18,20,21,22,24,25
375 - 01,02,05,07,10,11,12,13,14,16,17,18,19,20,25
374 - 01,02,03,06,09,12,13,16,18,20,21,22,23,24,25
373 - 02,04,06,09,11,12,13,14,15,17,19,20,21,22,23
372 - 03,04,05,06,10,12,13,14,16,17,19,22,23,24,25
371 - 01,02,03,05,06,07,08,09,10,13,14,15,16,22,25
370 - 03,04,06,07,08,09,10,11,12,14,16,17,19,23,25
369 - 01,03,05,06,07,09,11,12,14,15,20,21,22,23,24
368 - 02,03,04,05,06,11,13,14,15,17,19,20,21,22,24
367 - 01,02,04,07,08,09,12,13,15,17,18,20,21,22,24
366 - 03,05,06,08,09,11,13,15,17,18,20,21,22,23,25
365 - 03,04,05,08,10,11,12,15,16,18,19,20,23,24,25
364 - 02,03,04,06,07,09,11,12,13,15,19,20,21,22,24
363 - 02,03,04,06,08,09,11,13,15,16,17,20,21,22,23
362 - 01,02,03,04,05,06,07,10,12,13,17,18,22,23,24
361 - 01,04,07,09,10,12,13,14,15,16,17,19,20,23,24
360 - 01,02,03,04,05,07,08,09,11,17,18,19,20,23,24
359 - 04,07,08,10,11,12,13,16,17,18,19,21,22,24,25
358 - 02,04,06,09,10,11,12,14,15,16,17,18,23,24,25
357 - 01,02,05,06,08,09,10,11,13,14,17,19,21,23,25
356 - 02,04,05,09,10,11,13,14,15,16,19,20,22,24,25
355 - 02,04,06,07,08,09,10,11,12,13,15,18,19,23,25
354 - 01,02,04,07,08,09,10,12,16,17,18,19,21,22,23
353 - 02,03,07,08,09,11,12,13,17,18,19,20,21,22,23
352 - 01,02,03,04,06,09,12,13,15,17,18,19,20,22,24
351 - 01,02,03,05,07,10,11,12,14,16,17,18,19,23,24
350 - 01,02,03,04,06,07,08,09,12,13,14,15,22,23,25
349 - 01,02,05,07,08,12,14,16,17,18,19,20,22,24,25
348 - 01,02,05,07,08,12,14,17,18,19,20,21,22,24,25
347 - 03,05,07,08,09,10,11,12,14,15,18,19,20,24,25
346 - 01,02,03,05,06,08,10,12,14,15,17,18,21,23,24
345 - 02,07,09,11,12,14,15,16,18,19,20,21,23,24,25
344 - 03,04,05,06,09,10,11,12,13,15,16,20,21,24,25
343 - 03,05,06,08,11,12,13,14,15,16,18,19,20,22,25
342 - 01,03,04,08,11,12,13,15,16,19,20,21,22,23,25
341 - 01,05,07,09,11,12,13,16,18,19,20,21,22,24,25
340 - 02,03,04,05,06,08,09,10,11,14,19,20,21,22,25
339 - 01,02,05,08,10,13,15,16,18,19,20,21,22,23,24
338 - 03,04,05,06,07,09,12,14,15,16,17,19,20,21,25
337 - 01,03,04,05,07,08,09,10,11,12,16,18,19,22,23
336 - 01,02,03,05,06,08,10,11,14,15,16,17,19,22,25
335 - 01,03,04,06,07,08,09,11,12,14,16,17,19,20,21
334 - 01,02,06,07,08,11,13,15,16,17,18,21,22,23,25
333 - 01,02,05,06,09,11,12,13,14,15,16,18,21,23,25
332 - 02,03,05,06,07,10,11,12,14,19,20,21,23,24,25
331 - 01,03,05,06,07,12,13,15,16,18,19,21,22,23,25
330 - 01,02,05,06,09,12,14,15,17,18,19,22,23,24,25
329 - 01,02,03,04,08,09,13,14,17,18,20,21,23,24,25
328 - 02,03,04,05,11,12,13,15,18,19,21,22,23,24,25
327 - 01,02,03,04,08,12,13,14,15,16,17,18,19,21,23
326 - 01,02,04,06,07,08,10,11,12,13,15,17,18,24,25
325 - 01,02,04,05,06,07,10,14,15,19,20,22,23,24,25
324 - 01,02,03,04,06,07,08,09,10,12,16,20,21,23,24
323 - 01,02,03,04,06,07,09,10,14,17,19,20,21,23,25
322 - 01,02,03,05,07,12,13,15,16,17,18,20,21,23,24
321 - 02,03,04,09,10,11,12,13,14,16,17,18,20,24,25
320 - 01,03,06,09,11,12,14,15,17,18,19,21,22,23,25
319 - 01,03,04,06,08,09,10,12,14,16,17,19,20,23,24
318 - 03,04,05,06,09,11,12,13,14,15,16,18,21,23,25
317 - 01,02,04,05,08,09,11,14,16,18,19,21,22,24,25
316 - 01,03,04,06,07,08,10,12,13,14,15,18,19,23,24
315 - 02,03,05,06,08,11,13,14,16,17,19,20,21,23,24
314 - 01,02,05,06,08,09,11,12,13,14,15,19,20,21,22
313 - 02,03,06,07,09,10,12,14,15,16,17,18,19,23,25
312 - 01,02,06,08,09,10,11,12,13,16,17,18,19,22,25
311 - 02,04,05,07,10,12,14,15,16,17,19,20,23,24,25
310 - 02,03,05,09,10,11,14,15,16,17,18,19,21,23,24
309 - 01,02,03,04,08,09,10,13,14,16,17,20,21,22,24
308 - 01,02,04,05,12,13,15,16,18,19,21,22,23,24,25
307 - 01,03,04,06,09,10,12,14,15,17,19,20,21,23,24
306 - 01,02,04,05,08,11,12,13,14,15,16,18,19,20,25
305 - 02,03,04,05,08,10,11,12,13,18,20,21,22,24,25
304 - 01,03,04,05,12,14,15,16,17,18,19,20,21,22,25
303 - 02,03,04,06,08,12,15,16,17,18,20,21,22,23,24
302 - 02,04,05,06,09,10,11,12,14,15,16,18,20,22,25
301 - 02,03,08,09,11,12,13,14,15,17,18,19,20,22,23
300 - 03,04,07,08,09,11,12,15,17,19,20,21,22,23,25
299 - 03,05,06,07,08,10,13,17,18,19,20,21,22,23,24
298 - 01,03,04,06,07,08,11,12,13,14,15,16,21,22,24
297 - 01,04,07,08,09,10,12,14,15,16,21,22,23,24,25
296 - 02,03,06,07,08,11,12,14,15,16,17,18,19,22,25
295 - 02,03,04,06,10,13,15,16,17,18,19,21,23,24,25
294 - 01,02,03,04,05,07,08,11,12,15,16,20,23,24,25
293 - 01,02,03,06,09,12,13,14,15,18,19,22,23,24,25
292 - 02,03,05,07,08,09,11,12,13,16,17,21,22,24,25
291 - 01,02,05,07,08,10,11,12,13,14,15,17,20,23,24
290 - 01,02,05,06,07,09,11,12,13,14,17,20,21,22,23
289 - 01,02,03,04,06,08,09,10,12,14,15,17,19,22,24
288 - 01,02,03,04,06,09,10,12,13,14,15,18,19,24,25
287 - 02,05,06,07,10,12,13,15,16,17,18,21,22,23,25
286 - 01,02,03,04,07,09,10,11,12,13,19,21,23,24,25
285 - 01,04,05,08,09,10,11,12,13,14,15,16,19,22,23
284 - 01,03,05,06,07,11,12,13,15,17,19,21,22,23,25
283 - 01,02,04,06,08,09,10,11,12,13,19,20,22,23,24
282 - 02,03,04,07,08,11,12,13,15,16,19,20,21,22,25
281 - 01,02,03,04,08,09,10,11,12,14,15,17,19,23,25
280 - 03,04,05,06,09,10,11,13,15,16,17,19,20,24,25
279 - 01,02,03,05,06,09,10,11,12,13,17,18,19,22,23
278 - 01,02,03,05,06,09,11,12,13,15,17,19,21,23,25
277 - 02,04,09,10,11,12,13,14,16,17,21,22,23,24,25
276 - 02,03,04,05,07,10,11,12,13,17,18,19,20,22,25
275 - 01,03,05,06,08,09,10,11,12,14,15,17,18,20,22
274 - 02,04,05,06,07,10,11,12,14,15,17,20,21,23,25
273 - 01,05,06,07,10,12,15,16,17,18,19,20,21,24,25
272 - 01,02,04,05,08,09,11,12,13,15,17,20,23,24,25
271 - 01,02,04,05,06,08,11,12,16,18,19,20,21,24,25
270 - 01,03,04,05,06,07,08,09,14,16,18,19,23,24,25
269 - 01,02,04,06,10,13,14,15,16,17,18,19,22,23,24
268 - 05,06,07,08,09,10,12,14,15,16,18,19,20,23,25
267 - 02,03,04,05,06,09,11,12,13,14,15,17,21,23,24
266 - 01,03,04,05,06,07,09,11,14,15,18,19,21,22,24
265 - 01,05,07,08,11,12,13,15,16,17,18,19,20,22,24
264 - 01,03,04,06,08,09,12,13,16,19,20,21,22,23,25
263 - 01,04,07,08,09,10,11,14,15,16,18,19,21,23,24
262 - 03,04,06,07,08,09,12,13,14,15,17,20,21,23,24
261 - 01,02,04,05,06,07,11,13,15,16,17,19,20,21,25
260 - 01,03,04,05,06,07,08,09,11,13,14,18,19,20,24
259 - 03,05,06,07,08,09,10,15,18,19,20,21,22,24,25
258 - 02,04,05,06,09,12,13,14,17,19,20,21,22,24,25
257 - 01,03,06,07,09,10,12,13,14,16,17,18,19,22,24
256 - 01,02,06,07,08,09,10,12,13,15,16,18,20,22,24
255 - 01,02,03,04,06,09,10,14,15,16,17,21,22,23,24
254 - 02,03,04,05,06,07,08,09,11,13,14,15,16,20,23
253 - 01,04,05,06,07,08,11,12,13,15,18,19,21,22,23
252 - 02,03,04,06,08,11,14,15,17,18,19,22,23,24,25
251 - 03,04,05,06,09,10,13,15,16,18,19,21,22,23,25
250 - 01,02,03,05,09,10,12,13,15,16,17,18,19,21,23
249 - 04,05,07,08,09,10,12,14,15,17,18,21,22,23,25
248 - 01,02,05,08,09,10,11,12,13,15,16,19,20,21,25
247 - 01,02,03,04,07,08,09,14,15,16,17,19,22,23,25
246 - 01,04,05,07,08,09,10,12,13,15,17,18,21,24,25
245 - 01,02,06,07,09,10,11,12,14,15,16,18,19,24,25
244 - 03,05,06,07,09,10,11,12,14,15,18,20,21,22,24
243 - 01,02,03,04,05,07,12,13,16,17,18,20,21,23,25
242 - 02,05,06,08,09,13,14,15,16,17,18,19,21,22,23
241 - 03,04,05,08,09,12,13,14,15,17,20,21,23,24,25
240 - 01,02,04,09,10,11,13,14,15,16,18,19,21,22,23
239 - 01,03,05,06,07,09,10,13,14,15,16,19,22,23,25
238 - 01,03,04,06,11,12,13,14,15,17,19,20,21,23,24
237 - 04,05,06,07,09,12,13,15,16,18,19,20,21,22,23
236 - 01,03,04,05,07,08,09,12,13,15,16,21,22,23,25
235 - 01,08,10,12,13,14,15,16,17,18,19,21,23,24,25
234 - 01,02,03,04,05,09,11,12,13,14,15,17,21,22,24
233 - 01,02,03,04,05,06,07,08,09,12,13,14,17,19,21
232 - 04,05,06,09,11,12,13,14,16,17,18,21,23,24,25
231 - 01,02,05,06,07,10,12,15,16,17,18,19,21,24,25
230 - 01,02,03,04,05,06,08,10,11,13,14,15,17,22,24
229 - 02,06,08,09,10,11,12,13,14,15,16,17,20,23,25
228 - 02,04,10,11,12,13,14,15,16,17,18,19,20,24,25
227 - 01,05,07,08,09,10,12,14,15,17,18,19,20,21,22
226 - 04,05,08,10,11,13,14,15,16,17,18,19,20,21,25
225 - 01,02,03,05,07,08,13,14,15,18,19,20,22,23,25
224 - 04,06,08,09,10,11,12,13,15,18,19,20,21,23,24
223 - 02,04,07,09,10,11,12,13,14,16,20,21,22,23,24
222 - 01,03,04,05,06,07,08,09,12,15,18,21,22,23,24
221 - 01,02,03,06,07,08,10,12,16,17,19,20,21,23,25
220 - 05,09,10,12,13,14,15,16,17,18,20,21,23,24,25
219 - 02,03,06,08,09,11,14,16,17,18,19,22,23,24,25
218 - 02,05,07,08,11,12,13,14,15,16,17,20,21,22,25
217 - 02,03,04,05,06,07,09,10,11,12,16,17,19,21,25
216 - 02,03,04,05,06,07,09,10,11,13,17,19,21,24,25
215 - 01,03,04,05,07,09,11,12,14,15,17,18,19,23,25
214 - 01,02,03,04,09,11,13,14,15,18,19,20,22,24,25
213 - 01,03,04,05,08,09,10,11,16,18,19,21,23,24,25
212 - 01,03,04,06,08,09,10,11,12,14,16,19,20,22,23
211 - 01,02,04,06,08,10,11,12,14,16,17,18,22,24,25
210 - 03,05,07,09,10,11,13,14,15,16,18,21,22,23,24
209 - 01,03,05,06,07,09,10,14,15,18,19,21,22,24,25
208 - 01,03,04,06,07,09,10,11,12,14,15,16,19,23,24
207 - 01,02,03,04,06,09,10,12,13,14,15,17,19,20,22
206 - 02,03,05,08,09,11,12,13,14,15,16,17,20,21,22
205 - 02,03,04,09,10,11,12,14,15,16,17,18,21,22,25
204 - 02,03,04,05,07,08,11,14,15,16,17,22,23,24,25
203 - 01,02,03,04,05,06,07,12,13,14,17,18,23,24,25
202 - 01,03,05,10,11,13,14,16,17,18,19,21,22,23,24
201 - 01,02,04,05,08,09,10,11,12,13,14,15,19,20,22
200 - 01,02,04,05,08,09,11,12,13,14,15,16,21,23,24
199 - 01,02,03,04,05,06,09,11,12,15,19,20,21,22,23
198 - 01,02,04,05,06,07,13,14,15,16,17,18,20,21,25
197 - 03,04,05,06,07,08,09,10,12,13,18,20,21,22,23
196 - 02,03,04,05,10,14,15,16,17,19,20,22,23,24,25
195 - 02,03,04,06,07,08,09,11,12,14,17,18,19,22,23
194 - 02,07,08,09,10,12,13,14,15,17,18,21,22,23,25
193 - 01,02,03,04,05,08,09,10,14,15,16,19,20,21,25
192 - 01,02,03,04,05,06,11,13,14,15,16,21,22,23,24
191 - 02,05,08,09,10,12,13,15,17,18,19,20,21,22,23
190 - 01,03,04,05,07,08,11,13,14,15,16,18,19,23,24
189 - 01,02,04,05,06,07,09,13,16,18,19,20,22,23,24
188 - 02,03,05,08,10,11,13,16,19,20,21,22,23,24,25
187 - 01,03,11,12,13,15,16,17,18,19,21,22,23,24,25
186 - 02,04,05,06,11,12,13,16,17,18,19,22,23,24,25
185 - 01,02,04,06,07,08,09,11,12,15,17,19,20,23,25
184 - 01,03,07,08,09,10,11,15,16,17,18,19,21,23,25
183 - 02,04,06,07,08,11,13,14,16,19,20,21,23,24,25
182 - 02,03,04,07,08,09,11,13,14,17,19,21,22,23,25
181 - 01,04,05,06,07,08,14,15,16,17,19,20,21,22,23
180 - 01,02,03,04,05,06,07,08,10,11,15,17,20,24,25
179 - 02,03,04,05,07,09,13,14,15,17,19,22,23,24,25
178 - 02,03,04,06,08,09,10,14,16,19,20,21,23,24,25
177 - 02,06,07,08,10,11,13,15,16,17,19,20,21,23,24
176 - 02,04,10,11,12,13,15,16,17,18,21,22,23,24,25
175 - 02,03,05,06,07,11,12,13,14,15,16,18,19,21,24
174 - 01,02,04,07,09,10,11,12,13,15,17,20,23,24,25
173 - 02,03,04,05,07,08,11,15,19,20,21,22,23,24,25
172 - 01,02,04,06,07,09,10,11,12,13,18,20,21,22,25
171 - 01,03,04,10,11,12,13,15,16,17,21,22,23,24,25
170 - 01,03,04,05,06,07,08,10,13,16,18,20,22,23,25
169 - 01,04,05,06,07,08,09,10,11,12,15,16,20,21,24
168 - 01,02,03,04,07,10,12,15,16,17,19,20,22,23,24
167 - 01,02,03,06,08,09,10,13,14,16,18,19,22,23,24
166 - 02,03,04,08,09,10,13,14,15,18,19,20,21,22,23
165 - 01,02,04,06,08,09,12,13,14,15,17,18,19,22,25
164 - 01,02,03,05,06,08,10,11,14,15,18,21,22,23,24
163 - 01,02,03,05,06,07,09,13,14,15,20,21,23,24,25
162 - 01,02,03,04,05,06,08,11,12,13,16,18,20,23,24
161 - 01,05,08,11,13,15,16,17,18,20,21,22,23,24,25
160 - 01,03,04,09,10,11,12,14,15,16,17,19,20,21,24
159 - 01,02,03,04,05,06,08,10,11,14,15,17,20,24,25
158 - 02,07,08,09,10,11,12,15,16,17,18,19,20,22,23
157 - 01,02,04,06,07,09,10,12,14,16,18,19,21,24,25
156 - 01,03,04,08,09,10,11,12,13,14,15,19,20,22,23
155 - 02,04,05,08,10,11,14,15,16,18,19,20,21,22,24
154 - 01,02,03,05,06,09,10,11,13,14,15,16,18,23,24
153 - 01,02,04,05,08,11,12,13,17,18,20,21,23,24,25
152 - 03,04,05,06,07,08,13,15,17,19,20,22,23,24,25
151 - 03,04,05,07,09,10,11,12,13,14,16,18,20,23,24
150 - 01,03,05,06,07,08,09,11,14,19,21,22,23,24,25
149 - 02,05,07,09,10,13,15,16,17,18,19,20,23,24,25
148 - 01,02,04,05,08,09,12,13,16,17,20,21,22,24,25
147 - 01,02,04,05,06,10,11,12,13,16,19,21,22,23,25
146 - 01,02,05,08,10,11,12,13,14,16,17,22,23,24,25
145 - 01,02,03,09,10,11,13,14,15,17,18,20,22,24,25
144 - 01,02,04,07,09,11,12,14,17,19,20,21,22,24,25
143 - 01,02,08,09,11,13,15,16,17,19,21,22,23,24,25
142 - 01,02,04,05,06,07,09,15,16,17,18,19,22,23,24
141 - 01,03,07,08,09,10,12,13,16,17,18,19,20,24,25
140 - 01,02,03,06,09,10,12,13,15,18,19,20,22,24,25
139 - 01,02,07,09,12,14,15,16,17,18,19,21,22,23,24
138 - 02,03,04,05,07,08,11,13,15,16,17,21,22,24,25
137 - 02,06,08,09,10,11,12,13,16,17,18,19,20,21,25
136 - 01,02,03,05,06,09,12,13,14,15,17,21,22,23,24
135 - 01,02,05,07,08,10,13,14,15,18,19,20,21,22,25
134 - 01,03,05,07,08,10,11,12,13,14,16,17,19,22,25
133 - 01,03,04,05,08,09,11,13,15,18,19,20,21,22,23
132 - 01,03,04,05,07,09,10,11,14,15,16,17,22,23,25
131 - 02,04,05,06,07,08,11,12,13,15,19,20,22,23,25
130 - 02,03,04,05,06,09,10,12,13,15,17,19,23,24,25
129 - 02,05,06,07,09,11,13,15,18,19,20,21,22,23,25
128 - 02,03,04,06,11,13,14,15,16,17,19,20,21,23,25
127 - 01,02,03,04,05,07,10,11,12,13,18,19,22,23,25
126 - 01,02,03,04,06,07,08,13,14,16,18,21,22,24,25
125 - 02,03,04,06,07,09,10,11,12,15,16,21,22,24,25
124 - 02,03,04,06,07,09,14,15,16,18,19,20,21,24,25
123 - 04,05,06,07,11,12,13,17,18,19,20,21,22,23,24
122 - 01,02,04,05,08,09,10,13,15,17,18,20,22,23,25
121 - 01,02,04,05,07,09,10,11,12,16,17,18,23,24,25
120 - 01,03,05,07,08,11,12,13,15,16,18,19,20,21,24
119 - 01,04,06,08,09,10,11,15,17,18,20,21,22,23,24
118 - 02,04,05,06,08,12,13,14,15,18,19,21,22,23,24
117 - 05,06,07,09,10,11,12,13,14,15,17,18,20,23,25
116 - 01,02,09,10,11,12,13,14,16,18,19,20,21,23,25
115 - 01,04,05,06,07,09,11,12,13,16,17,18,20,21,25
114 - 01,02,03,06,07,08,09,10,11,14,20,21,22,24,25
113 - 01,02,04,05,06,08,11,12,13,14,19,20,21,24,25
112 - 01,02,03,04,06,10,11,14,15,17,18,19,20,21,23
111 - 01,05,06,10,11,12,13,15,17,18,19,21,22,24,25
110 - 01,03,04,05,06,12,13,14,17,19,20,21,22,23,25
109 - 01,03,05,07,09,11,12,13,16,18,20,21,23,24,25
108 - 01,02,04,07,08,09,11,12,14,15,16,18,22,23,25
107 - 01,03,04,06,07,08,09,11,12,15,17,18,21,24,25
106 - 01,02,03,04,05,06,10,12,13,14,15,17,22,23,25
105 - 04,06,07,08,09,10,11,12,13,15,17,19,21,22,25
104 - 05,06,07,10,11,13,14,15,16,18,19,21,22,24,25
103 - 01,02,03,04,05,07,08,10,11,16,17,18,22,23,25
102 - 01,02,03,04,07,09,10,11,12,18,19,21,22,23,25
101 - 01,03,06,07,09,10,13,14,16,17,19,20,21,23,24
100 - 01,03,04,08,09,10,11,12,13,14,16,17,22,23,25
99 - 01,02,03,04,07,10,11,13,14,16,17,20,21,24,25
98 - 01,02,05,06,08,10,11,15,17,18,20,22,23,24,25
97 - 03,04,06,10,12,13,14,15,17,19,20,22,23,24,25
96 - 03,04,06,09,10,12,14,16,17,18,19,21,22,23,24
95 - 01,02,03,04,05,10,11,12,14,15,17,18,19,20,22
94 - 02,04,08,09,11,12,13,15,16,17,18,21,22,23,24
93 - 02,04,05,06,07,09,10,13,17,18,19,20,21,23,24
92 - 01,02,04,06,08,12,13,14,15,17,18,19,21,22,24
91 - 01,04,09,10,11,12,13,14,15,16,17,20,22,23,25
90 - 01,02,03,08,10,11,12,15,17,20,21,22,23,24,25
89 - 01,06,11,12,13,15,16,17,19,20,21,22,23,24,25
88 - 01,02,04,05,08,09,10,11,12,14,17,18,19,24,25
87 - 01,02,03,05,08,09,10,11,13,15,18,20,22,24,25
86 - 02,04,05,06,08,09,12,13,14,17,18,19,23,24,25
85 - 01,02,05,07,08,09,11,13,14,15,16,18,21,22,23
84 - 01,02,04,06,08,12,15,16,17,19,20,22,23,24,25
83 - 01,02,03,05,06,08,10,11,12,13,14,20,23,24,25
82 - 01,04,05,06,08,09,12,13,15,17,18,19,20,22,23
81 - 01,02,03,04,05,06,07,10,11,13,15,16,17,19,21
80 - 01,02,03,04,05,07,09,10,14,15,17,18,20,22,25
79 - 01,02,03,05,09,12,14,15,17,18,20,22,23,24,25
78 - 01,02,03,05,06,07,08,12,13,15,16,17,18,20,23
77 - 02,03,04,06,08,09,11,14,17,18,20,21,22,24,25
76 - 01,03,05,08,09,10,12,13,15,16,17,19,21,23,25
75 - 01,03,04,05,06,07,08,10,11,13,15,16,17,20,25
74 - 01,02,03,04,05,06,08,11,13,15,16,18,22,23,25
73 - 01,02,05,07,10,11,13,14,15,16,17,18,19,21,25
72 - 01,02,05,07,08,11,12,13,15,16,17,18,23,24,25
71 - 01,03,05,06,08,09,11,13,14,15,16,18,21,22,23
70 - 01,02,03,05,06,09,10,12,14,15,16,19,20,24,25
69 - 01,04,07,08,09,10,11,15,17,18,19,20,21,23,24
68 - 01,02,03,05,06,07,08,09,10,12,16,17,22,23,25
67 - 05,07,08,09,10,11,12,13,15,16,20,21,22,23,24
66 - 01,02,04,08,10,11,14,15,16,17,20,21,22,23,24
65 - 01,02,04,07,10,15,16,17,18,19,20,21,22,23,25
64 - 01,02,03,06,07,08,09,10,13,14,17,18,20,23,25
63 - 04,08,09,10,11,12,13,16,17,19,20,21,22,24,25
62 - 01,03,07,08,09,11,13,14,15,16,17,18,20,24,25
61 - 01,04,05,09,11,12,13,14,15,16,19,20,22,23,25
60 - 01,02,03,04,05,08,11,16,17,18,19,22,23,24,25
59 - 01,03,05,06,07,08,10,11,13,14,15,19,20,23,25
58 - 03,04,05,06,11,12,13,14,15,16,17,18,19,20,22
57 - 01,02,03,04,06,07,08,11,12,17,19,20,21,22,25
56 - 01,02,05,09,12,13,14,15,16,17,19,20,22,23,24
55 - 02,03,04,05,06,07,08,09,12,13,15,16,18,19,25
54 - 02,04,05,06,07,08,09,12,14,16,18,20,21,22,24
53 - 01,02,03,06,07,09,11,12,14,17,18,19,20,23,24
52 - 01,02,04,08,09,11,12,13,15,16,21,22,23,24,25
51 - 01,03,05,06,07,08,11,13,14,16,17,20,21,22,23
50 - 01,02,03,06,07,09,10,11,12,13,19,20,21,23,25
49 - 02,04,05,06,08,11,13,15,16,19,20,21,22,23,24
48 - 02,05,06,07,11,13,15,16,17,18,19,20,21,22,23
47 - 01,02,03,04,05,06,08,10,11,13,15,18,20,22,25
46 - 01,02,04,05,06,08,10,11,14,18,19,21,23,24,25
45 - 01,02,03,05,07,09,14,16,17,18,19,21,23,24,25
44 - 03,04,05,06,10,11,12,13,14,18,19,21,23,24,25
43 - 01,03,06,07,08,09,10,14,17,18,19,20,22,23,24
42 - 01,03,04,05,06,08,11,12,14,15,17,21,22,24,25
41 - 02,03,04,09,12,13,15,16,17,18,19,20,21,23,25
40 - 01,02,05,07,08,10,12,13,14,16,17,20,21,22,24
39 - 02,07,08,09,11,13,14,15,17,18,19,21,22,23,24
38 - 01,02,03,06,07,08,09,10,13,14,15,16,22,24,25
37 - 01,03,04,05,08,09,10,11,13,15,20,21,22,23,24
36 - 01,04,05,07,08,10,11,14,17,19,20,21,22,23,24
35 - 01,04,05,06,11,12,13,14,16,17,19,21,22,23,25
34 - 01,02,04,07,08,09,10,11,15,16,18,19,20,21,23
33 - 01,02,05,07,08,10,11,12,14,16,19,20,21,23,24
32 - 01,02,04,06,07,09,10,11,14,15,16,17,20,22,23
31 - 01,02,03,04,09,13,14,15,17,19,20,21,22,24,25
30 - 01,02,03,04,06,07,08,11,14,17,19,20,21,22,23
29 - 01,04,05,06,08,09,13,14,16,17,19,20,21,22,24
28 - 01,03,07,09,10,11,12,13,14,16,17,18,19,20,21
27 - 03,06,08,10,11,12,13,14,15,18,20,21,22,24,25
26 - 05,07,08,09,10,11,13,14,16,17,19,20,21,22,23
25 - 01,02,03,04,05,06,07,09,13,14,16,20,22,23,24
24 - 01,02,03,05,07,10,11,14,17,19,20,21,23,24,25
23 - 01,03,04,05,06,08,10,11,12,14,16,17,18,19,20
22 - 01,02,03,04,05,06,07,09,10,12,13,14,15,22,25
21 - 01,02,04,05,08,11,14,16,18,19,20,22,23,24,25
20 - 03,04,06,07,08,09,10,14,16,17,18,19,20,23,24
19 - 02,05,06,07,08,10,11,13,14,15,16,17,20,23,24
18 - 02,06,07,08,10,11,14,15,17,18,19,20,22,23,24
17 - 01,02,03,05,06,07,09,13,14,16,17,18,19,20,21
16 - 02,05,06,07,08,10,12,13,15,17,19,21,23,24,25
15 - 01,02,04,06,08,10,12,15,16,18,19,21,23,24,25
14 - 01,02,05,06,07,09,13,14,15,18,19,20,21,23,25
13 - 03,05,06,07,08,09,10,11,13,14,15,16,17,19,23
12 - 01,02,04,05,07,08,09,10,11,12,14,16,17,24,25
11 - 02,06,07,08,09,10,11,12,16,19,20,22,23,24,25
10 - 02,03,04,05,06,08,09,10,11,12,14,19,20,23,24
9 - 03,04,05,09,10,11,13,15,16,17,19,20,21,24,25
8 - 01,05,06,08,09,10,13,15,16,17,18,19,20,22,25
7 - 01,04,07,08,10,12,14,15,16,18,19,21,22,23,25
6 - 01,02,04,05,06,07,10,12,15,16,17,19,21,23,25
5 - 01,02,04,08,09,11,12,13,15,16,19,20,23,24,25
4 - 01,02,04,05,08,10,12,13,16,17,18,19,23,24,25
3 - 01,04,06,07,08,09,10,11,12,14,16,17,20,23,24
2 - 01,04,05,06,07,09,11,12,13,15,16,19,20,23,24
1 - 02,03,05,06,09,10,11,13,14,16,18,20,23,24,25
